[gd_scene load_steps=28 format=3 uid="uid://bmqevs0vheol7"]

[ext_resource type="Script" uid="uid://c331s8cm2gjtp" path="res://scenes/bike/player_controller.gd" id="1_5uol1"]
[ext_resource type="PackedScene" uid="uid://gobjlpuvfmm8" path="res://scenes/character/ik_char_mesh.tscn" id="2_wi4rf"]
[ext_resource type="Script" uid="uid://biy8pd4m0fncl" path="res://scenes/bike/components/bike_state.gd" id="2_x2eqs"]
[ext_resource type="Script" uid="uid://l500tpp42su8" path="res://scenes/bike/components/bike_gearing.gd" id="5_gearing"]
[ext_resource type="AnimationLibrary" uid="uid://d3c8x3281rwy5" path="res://scenes/bike/resources/sport_bike_anim_library.res" id="5_voh27"]
[ext_resource type="Material" uid="uid://bfxhki5bfmyn1" path="res://assets/materials/tail_light_material.tres" id="6_8fp08"]
[ext_resource type="Script" uid="uid://jx4j084pg5ad" path="res://scenes/bike/components/bike_animation.gd" id="6_voh27"]
[ext_resource type="AnimationLibrary" uid="uid://dp5mp2j5ojl2l" path="res://scenes/bike/resources/dirt_bike_anim_library.res" id="6_x2eqs"]
[ext_resource type="PackedScene" uid="uid://bn73ermusily2" path="res://scenes/bike/mods/training_wheels_mod.tscn" id="7_l0owt"]
[ext_resource type="Script" uid="uid://bpqhimqk1dt2d" path="res://scenes/bike/components/bike_tricks.gd" id="7_tricks"]
[ext_resource type="Script" uid="uid://cgy5mk1x6lanu" path="res://scenes/bike/components/bike_physics.gd" id="8_physics"]
[ext_resource type="Script" uid="uid://bbk0xwdxhsifa" path="res://scenes/bike/components/bike_crash.gd" id="9_crash"]
[ext_resource type="Script" uid="uid://b662mtkdepm0j" path="res://scenes/bike/components/bike_audio.gd" id="10_audio"]
[ext_resource type="AnimationLibrary" uid="uid://daju4350yik6q" path="res://scenes/bike/resources/pocket_bike_anim_library.res" id="10_l0owt"]
[ext_resource type="AudioStream" uid="uid://c61khm016rfjr" path="res://assets/sounds/tire-screech-short.ogg" id="11_pgn4o"]
[ext_resource type="Script" uid="uid://pc1xy500s1vu" path="res://scenes/bike/components/bike_ui.gd" id="11_ui"]
[ext_resource type="AudioStream" uid="uid://fghbqufnqde0" path="res://assets/sounds/exhaust-pops.ogg" id="12_nkid5"]
[ext_resource type="AudioStream" uid="uid://tkuif41xejv4" path="res://assets/sounds/grinding-gear.ogg" id="12_pgn4o"]
[ext_resource type="Script" uid="uid://deoncd44247pm" path="res://scenes/bike/components/bike_input.gd" id="13_input"]
[ext_resource type="Material" uid="uid://dddd4ebearn7x" path="res://assets/materials/speed_lines_material.tres" id="14_speedlines"]
[ext_resource type="AudioStream" uid="uid://7duowi0k1kbh" path="res://assets/sounds/nos-sfx.mp3" id="17_fm7or"]
[ext_resource type="AudioStream" uid="uid://dn6ey2jxm33vt" path="res://assets/sounds/motorcycle-stable-rpm.ogg" id="19_q0gqt"]

[sub_resource type="Resource" id="Resource_kpend"]
script = ExtResource("2_x2eqs")

[sub_resource type="CapsuleShape3D" id="CapsuleShape3D_nkid5"]
radius = 0.35
height = 2.3

[sub_resource type="BoxMesh" id="BoxMesh_u5kmf"]
size = Vector3(0.3, 0.055, 0.05)

[sub_resource type="Animation" id="Animation_kpend"]
length = 0.001
tracks/0/type = "value"
tracks/0/imported = false
tracks/0/enabled = true
tracks/0/path = NodePath("LeanAndRotationPoint/IKCharacterMesh/Targets/LeftLegTarget:position")
tracks/0/interp = 1
tracks/0/loop_wrap = true
tracks/0/keys = {
"times": PackedFloat32Array(0),
"transitions": PackedFloat32Array(1),
"update": 0,
"values": [Vector3(0.19855502, 0.28965372, -0.018588275)]
}
tracks/1/type = "value"
tracks/1/imported = false
tracks/1/enabled = true
tracks/1/path = NodePath("LeanAndRotationPoint/IKCharacterMesh/Targets/LeftLegTarget:rotation")
tracks/1/interp = 1
tracks/1/loop_wrap = true
tracks/1/keys = {
"times": PackedFloat32Array(0),
"transitions": PackedFloat32Array(1),
"update": 0,
"values": [Vector3(-0.9147987, -0.16730168, -3.0440352)]
}
tracks/2/type = "value"
tracks/2/imported = false
tracks/2/enabled = true
tracks/2/path = NodePath("LeanAndRotationPoint/IKCharacterMesh/Targets/RightLegTarget:position")
tracks/2/interp = 1
tracks/2/loop_wrap = true
tracks/2/keys = {
"times": PackedFloat32Array(0),
"transitions": PackedFloat32Array(1),
"update": 0,
"values": [Vector3(-0.199, 0.29, -0.019)]
}
tracks/3/type = "value"
tracks/3/imported = false
tracks/3/enabled = true
tracks/3/path = NodePath("LeanAndRotationPoint/IKCharacterMesh/Targets/RightLegTarget:rotation")
tracks/3/interp = 1
tracks/3/loop_wrap = true
tracks/3/keys = {
"times": PackedFloat32Array(0),
"transitions": PackedFloat32Array(1),
"update": 0,
"values": [Vector3(-0.914553, -0.20148091, -3.0438542)]
}
tracks/4/type = "value"
tracks/4/imported = false
tracks/4/enabled = true
tracks/4/path = NodePath("LeanAndRotationPoint/IKCharacterMesh/MixamoRacer/Skeleton3D/LeftArmIK:magnet")
tracks/4/interp = 1
tracks/4/loop_wrap = true
tracks/4/keys = {
"times": PackedFloat32Array(0),
"transitions": PackedFloat32Array(1),
"update": 0,
"values": [Vector3(0, 0, 0)]
}
tracks/5/type = "value"
tracks/5/imported = false
tracks/5/enabled = true
tracks/5/path = NodePath("LeanAndRotationPoint/IKCharacterMesh/MixamoRacer/Skeleton3D/RightArmIK:magnet")
tracks/5/interp = 1
tracks/5/loop_wrap = true
tracks/5/keys = {
"times": PackedFloat32Array(0),
"transitions": PackedFloat32Array(1),
"update": 0,
"values": [Vector3(0, 0, 0)]
}
tracks/6/type = "value"
tracks/6/imported = false
tracks/6/enabled = true
tracks/6/path = NodePath("LeanAndRotationPoint/IKCharacterMesh/MixamoRacer/Skeleton3D/LeftLegIK:magnet")
tracks/6/interp = 1
tracks/6/loop_wrap = true
tracks/6/keys = {
"times": PackedFloat32Array(0),
"transitions": PackedFloat32Array(1),
"update": 0,
"values": [Vector3(1, 0, 1)]
}
tracks/7/type = "value"
tracks/7/imported = false
tracks/7/enabled = true
tracks/7/path = NodePath("LeanAndRotationPoint/IKCharacterMesh/MixamoRacer/Skeleton3D/RightLegIK:magnet")
tracks/7/interp = 1
tracks/7/loop_wrap = true
tracks/7/keys = {
"times": PackedFloat32Array(0),
"transitions": PackedFloat32Array(1),
"update": 0,
"values": [Vector3(-1, 0, 1)]
}
tracks/8/type = "value"
tracks/8/imported = false
tracks/8/enabled = true
tracks/8/path = NodePath("LeanAndRotationPoint/IKCharacterMesh/MixamoRacer/Skeleton3D/HeadIK:magnet")
tracks/8/interp = 1
tracks/8/loop_wrap = true
tracks/8/keys = {
"times": PackedFloat32Array(0),
"transitions": PackedFloat32Array(1),
"update": 0,
"values": [Vector3(0, 0, 0)]
}
tracks/9/type = "value"
tracks/9/imported = false
tracks/9/enabled = true
tracks/9/path = NodePath("LeanAndRotationPoint/IKCharacterMesh/Targets/HeadTarget:position")
tracks/9/interp = 1
tracks/9/loop_wrap = true
tracks/9/keys = {
"times": PackedFloat32Array(0),
"transitions": PackedFloat32Array(1),
"update": 0,
"values": [Vector3(0, 1.7771792, 0)]
}
tracks/10/type = "value"
tracks/10/imported = false
tracks/10/enabled = true
tracks/10/path = NodePath("LeanAndRotationPoint/IKCharacterMesh/Targets/LeftArmTarget:position")
tracks/10/interp = 1
tracks/10/loop_wrap = true
tracks/10/keys = {
"times": PackedFloat32Array(0),
"transitions": PackedFloat32Array(1),
"update": 0,
"values": [Vector3(0.17065138, 0.54643035, 0.28627902)]
}
tracks/11/type = "value"
tracks/11/imported = false
tracks/11/enabled = true
tracks/11/path = NodePath("LeanAndRotationPoint/IKCharacterMesh/Targets/RightArmTarget:position")
tracks/11/interp = 1
tracks/11/loop_wrap = true
tracks/11/keys = {
"times": PackedFloat32Array(0),
"transitions": PackedFloat32Array(1),
"update": 0,
"values": [Vector3(-0.171, 0.546, 0.286)]
}
tracks/12/type = "value"
tracks/12/imported = false
tracks/12/enabled = true
tracks/12/path = NodePath("LeanAndRotationPoint/IKCharacterMesh/Targets/ButtTarget:position")
tracks/12/interp = 1
tracks/12/loop_wrap = true
tracks/12/keys = {
"times": PackedFloat32Array(0),
"transitions": PackedFloat32Array(1),
"update": 0,
"values": [Vector3(8.562988e-08, 0.64300925, -0.23276967)]
}
tracks/13/type = "value"
tracks/13/imported = false
tracks/13/enabled = true
tracks/13/path = NodePath("LeanAndRotationPoint/IKCharacterMesh/Targets/HeadTarget:rotation")
tracks/13/interp = 1
tracks/13/loop_wrap = true
tracks/13/keys = {
"times": PackedFloat32Array(0),
"transitions": PackedFloat32Array(1),
"update": 0,
"values": [Vector3(0.43134058, 1.4476901e-08, 7.8451706e-08)]
}
tracks/14/type = "value"
tracks/14/imported = false
tracks/14/enabled = true
tracks/14/path = NodePath("LeanAndRotationPoint/IKCharacterMesh/Targets/LeftArmTarget:rotation")
tracks/14/interp = 1
tracks/14/loop_wrap = true
tracks/14/keys = {
"times": PackedFloat32Array(0),
"transitions": PackedFloat32Array(1),
"update": 0,
"values": [Vector3(0.01221927, -0.01631153, 1.204422)]
}
tracks/15/type = "value"
tracks/15/imported = false
tracks/15/enabled = true
tracks/15/path = NodePath("LeanAndRotationPoint/IKCharacterMesh/Targets/RightArmTarget:rotation")
tracks/15/interp = 1
tracks/15/loop_wrap = true
tracks/15/keys = {
"times": PackedFloat32Array(0),
"transitions": PackedFloat32Array(1),
"update": 0,
"values": [Vector3(1.3383801, 1.5178877, 1.9168977)]
}
tracks/16/type = "value"
tracks/16/imported = false
tracks/16/enabled = true
tracks/16/path = NodePath("LeanAndRotationPoint/IKCharacterMesh/Targets/ButtTarget:rotation")
tracks/16/interp = 1
tracks/16/loop_wrap = true
tracks/16/keys = {
"times": PackedFloat32Array(0),
"transitions": PackedFloat32Array(1),
"update": 0,
"values": [Vector3(0.53303367, -0.06554695, 0.013797265)]
}
tracks/17/type = "value"
tracks/17/imported = false
tracks/17/enabled = true
tracks/17/path = NodePath("LeanAndRotationPoint/BikeMesh:rotation")
tracks/17/interp = 1
tracks/17/loop_wrap = true
tracks/17/keys = {
"times": PackedFloat32Array(0),
"transitions": PackedFloat32Array(1),
"update": 0,
"values": [Vector3(0, 0, 0)]
}

[sub_resource type="AnimationLibrary" id="AnimationLibrary_8fp08"]
_data = {
&"RESET": SubResource("Animation_kpend")
}

[node name="PlayerController" type="CharacterBody3D"]
collision_mask = 3
script = ExtResource("1_5uol1")
state = SubResource("Resource_kpend")

[node name="CollisionShape3D" type="CollisionShape3D" parent="."]
unique_name_in_owner = true
transform = Transform3D(1, 0, 0, 0, -4.371139e-08, 1, 0, -1, -4.371139e-08, 0, 0.35, 0)
shape = SubResource("CapsuleShape3D_nkid5")

[node name="LeanAndRotationPoint" type="Node3D" parent="."]
unique_name_in_owner = true
transform = Transform3D(0.99999994, 0, 0, 0, 0.99999994, 0, 0, 0, 1, 0, 0, 0)

[node name="IKCharacterMesh" parent="LeanAndRotationPoint" instance=ExtResource("2_wi4rf")]
unique_name_in_owner = true
transform = Transform3D(-0.99999994, 0, -1.5099579e-07, 0, 0.99999994, 0, 1.509958e-07, 0, -1, 0, 0, 0)
left_leg_magnet = Vector3(1, 0, 1)
right_leg_magnet = Vector3(-1, 0, 1)
max_bone_angular_velocity = 100.0

[node name="Skeleton3D" parent="LeanAndRotationPoint/IKCharacterMesh/MixamoRacer" index="0"]
bones/0/position = Vector3(2.769973e-08, 0.98623186, -0.35969338)
bones/0/rotation = Quaternion(0.46173313, 9.4154835e-09, 4.207468e-08, 0.88701886)
bones/8/position = Vector3(1.5199184e-06, 0.1310766, 5.6028366e-06)
bones/8/scale = Vector3(0.99952495, 0.999525, 0.99952507)
bones/9/position = Vector3(-1.5616417e-05, 0.27071893, 3.7550926e-06)
bones/9/scale = Vector3(0.99995863, 0.99995834, 0.99995863)
bones/10/position = Vector3(1.013279e-06, 0.25567788, 5.364418e-06)
bones/10/scale = Vector3(0.9999232, 0.9999287, 0.999921)
bones/32/position = Vector3(-5.9604645e-08, 0.13107663, -2.6226044e-06)
bones/32/scale = Vector3(1.0001338, 1.0001336, 1.0001339)
bones/33/position = Vector3(6.3180923e-06, 0.2706902, 3.7252903e-07)
bones/33/scale = Vector3(1.0000056, 1.0000056, 1.0000056)
bones/34/position = Vector3(1.7881393e-06, 0.25565445, -2.7418137e-06)
bones/34/scale = Vector3(0.99983805, 0.9997685, 0.9998116)

[node name="LeftArmIK" parent="LeanAndRotationPoint/IKCharacterMesh/MixamoRacer/Skeleton3D" index="1"]
target = Transform3D(-0.08169469, -0.027651627, -0.9962736, 0.98497635, -0.15483423, -0.0764709, -0.15214273, -0.9875532, 0.039885372, -0.95111763, 0.60892016, 0.40098357)
override_tip_basis = false

[node name="RightArmIK" parent="LeanAndRotationPoint/IKCharacterMesh/MixamoRacer/Skeleton3D" index="2"]
target = Transform3D(-0.04889248, 0.92596906, -0.37442094, -0.52059925, -0.3435467, -0.78163445, -0.85240024, 0.15670708, 0.49885568, 0.9806601, 0.12702164, 0.55838567)

[node name="LeftLegIK" parent="LeanAndRotationPoint/IKCharacterMesh/MixamoRacer/Skeleton3D" index="3"]
target = Transform3D(-0.9982336, 0.03612911, -0.047162842, -0.059410855, -0.60704976, 0.7924393, -6.939984e-08, 0.7938415, 0.60812396, 0.2375038, 0.39871255, -0.17106614)
magnet = Vector3(1, 0, 1)

[node name="RightLegIK" parent="LeanAndRotationPoint/IKCharacterMesh/MixamoRacer/Skeleton3D" index="4"]
target = Transform3D(-0.9982256, 0.036801673, -0.046809737, -0.05953972, -0.60723305, 0.7922895, 0.0007331595, 0.7936708, 0.60834676, -0.238, 0.399, -0.171)
magnet = Vector3(-1, 0, 1)

[node name="HeadIK" parent="LeanAndRotationPoint/IKCharacterMesh/MixamoRacer/Skeleton3D" index="5"]
target = Transform3D(1, 1.274684e-08, 9.343069e-10, -1.274684e-08, 0.9893129, 0.14580679, 9.342784e-10, -0.14580679, 0.9893129, -1.8309903e-07, 1.7583534, 0.73081344)
use_magnet = true

[node name="Physical Bone mixamorig6_Hips" parent="LeanAndRotationPoint/IKCharacterMesh/MixamoRacer/Skeleton3D/PhysicalBoneSimulator3D" index="0"]
transform = Transform3D(1.0000001, 0.00019663494, -3.0924726e-05, 0.00012945318, -0.76046973, -0.6493736, -0.00015120681, 0.64937353, -0.7604697, 0.00028484626, 1.0202521, -0.3143009)
joint_offset = Transform3D(1, 0, 0, 0, 1, 0, 0, 0, 1, -0.0002823589, -0.0036053522, 0.056611493)
body_offset = Transform3D(1.0000001, 0.00019658594, -3.0995692e-05, -4.966931e-05, 0.09571347, -0.99540895, -0.00019271666, 0.995409, 0.095713586, 0.0002848224, 0.056696653, -0.0018297434)

[node name="Physical Bone mixamorig6_Spine" parent="LeanAndRotationPoint/IKCharacterMesh/MixamoRacer/Skeleton3D/PhysicalBoneSimulator3D" index="1"]
transform = Transform3D(0.9999999, 0.0005482554, -0.0004608659, 0.00011833779, -0.7610947, -0.64864105, -0.0007063834, 0.64864075, -0.76109445, 0.0006631436, 1.0947574, -0.23215635)
joint_offset = Transform3D(1, 0, 0, 0, 1, 0, 0, 0, 1, -0.0006332106, -0.00023760641, 0.06462267)
body_offset = Transform3D(0.9999999, 0.00054820627, -0.0004609368, -0.00046035118, -0.0010679066, -0.9999995, -0.00054869824, 0.9999994, -0.0010675788, 0.00066312775, 0.064622104, 0.00030624866)

[node name="Physical Bone mixamorig6_Spine1" parent="LeanAndRotationPoint/IKCharacterMesh/MixamoRacer/Skeleton3D/PhysicalBoneSimulator3D" index="2"]
transform = Transform3D(1, 0.00038621682, -0.00033526038, 7.636488e-05, -0.76094204, -0.6488201, -0.0005056988, 0.64882, -0.76094186, 0.00047185234, 1.151978, -0.10599246)
joint_offset = Transform3D(1, 0, 0, 0, 1, 0, 0, 0, 1, -0.000430832, -0.03866864, 0.07777231)
body_offset = Transform3D(1, 0.00038616775, -0.00033533128, -0.00033500974, -0.00083243847, -0.99999976, -0.0003864467, 0.9999998, -0.00083217025, 0.00047184408, 0.077739954, 0.038733184)

[node name="Physical Bone mixamorig6_Head" parent="LeanAndRotationPoint/IKCharacterMesh/MixamoRacer/Skeleton3D/PhysicalBoneSimulator3D" index="3"]
transform = Transform3D(-1.0000001, -3.013908e-05, 6.8459136e-05, -7.006633e-05, 0.69784087, -0.71625304, -2.6186364e-05, -0.716253, -0.6978408, 0.0013794033, 1.4353881, 0.16945764)
joint_offset = Transform3D(1, 0, 0, 0, 1, 0, 0, 0, 1, 0.0013891612, 0.0012049563, 0.14275107)
body_offset = Transform3D(-1.0000001, -3.010247e-05, 6.8395304e-05, -7.452453e-05, 0.33446556, -0.9424084, 5.4929533e-06, -0.9424083, -0.33446538, 0.001379434, 0.1341269, 0.048880845)

[node name="Physical Bone mixamorig6_LeftShoulder" parent="LeanAndRotationPoint/IKCharacterMesh/MixamoRacer/Skeleton3D/PhysicalBoneSimulator3D" index="4"]
transform = Transform3D(-0.02688485, -0.26312354, -0.96438766, 0.7599568, -0.632123, 0.15128268, -0.64941746, -0.72882557, 0.21695702, 0.12555172, 1.279257, 0.0039551095)
joint_offset = Transform3D(1, 0, 0, 0, 1, 0, 0, 0, 1, 0.016810123, -0.011908965, 0.06876923)
body_offset = Transform3D(1, 0.00035062432, 0.00016121566, 0.00016111135, 0.00011651218, -1.0000001, -0.00035080314, 1, 0.000116333365, -0.016817033, 0.06876791, 0.011906862)

[node name="Physical Bone mixamorig6_LeftArm" parent="LeanAndRotationPoint/IKCharacterMesh/MixamoRacer/Skeleton3D/PhysicalBoneSimulator3D" index="5"]
transform = Transform3D(0.9903441, 0.0078091803, -0.13841207, 0.10713855, -0.6767237, 0.72839993, -0.08797851, -0.7361957, -0.6710258, 0.2056429, 1.1771529, 0.081609525)
joint_offset = Transform3D(1, 0, 0, 0, 1, 0, 0, 0, 1, 0.003165818, -0.0078052394, 0.14739697)
body_offset = Transform3D(1.0004717, -0.0026964322, 0.00025161728, 0.00024819374, -0.0012539625, -1.0004745, 0.0026968233, 1.0004709, -0.0012533367, -0.0032254457, 0.14745635, 0.007985115)

[node name="Physical Bone mixamorig6_LeftHand" parent="LeanAndRotationPoint/IKCharacterMesh/MixamoRacer/Skeleton3D/PhysicalBoneSimulator3D" index="6"]
transform = Transform3D(-0.27045932, 0.7780642, 0.5669816, 0.9273367, 0.05232255, 0.37055266, 0.2586478, 0.62600213, -0.7356784, 0.2526574, 0.91817135, 0.37988365)
joint_offset = Transform3D(1, 0, 0, 0, 1, 0, 0, 0, 1, 0.004954191, 0.0070922733, 0.029287685)
body_offset = Transform3D(-0.46623433, 0.6089743, 0.6426218, 0.0002606064, 0.7263805, -0.68815815, -0.8853276, -0.32048306, -0.33861923, -0.020830102, 0.01500158, 0.01657641)

[node name="Physical Bone mixamorig6_RightShoulder" parent="LeanAndRotationPoint/IKCharacterMesh/MixamoRacer/Skeleton3D/PhysicalBoneSimulator3D" index="7"]
transform = Transform3D(-0.026016854, 0.26333237, 0.96435446, -0.7593336, -0.6326357, 0.1522656, 0.65018135, -0.7283051, 0.21641625, -0.12645434, 1.2734251, 0.014345561)
joint_offset = Transform3D(1, 0, 0, 0, 1, 0, 0, 0, 1, -0.027845517, -0.007780349, 0.06830018)
body_offset = Transform3D(1, 0.0007506907, 8.663535e-05, 8.670986e-05, 1.5810132e-05, -1.0000002, -0.0007505417, 1.0000001, 1.5690923e-05, 0.027845442, 0.06830273, 0.007758379)

[node name="Physical Bone mixamorig6_RightArm" parent="LeanAndRotationPoint/IKCharacterMesh/MixamoRacer/Skeleton3D/PhysicalBoneSimulator3D" index="8"]
transform = Transform3D(0.9897404, -0.055932358, 0.13147521, -0.13252215, -0.70331556, 0.6984163, 0.053404476, -0.708674, -0.703512, -0.2022615, 1.1626159, 0.06948042)
joint_offset = Transform3D(1, 0, 0, 0, 1, 0, 0, 0, 1, -0.007404497, -0.03280824, 0.14783818)
body_offset = Transform3D(0.99986637, 0.00049450994, 0.00062005594, 0.00062023103, -0.0005387366, -0.999866, -0.0004942231, 0.9998663, -0.0005390644, 0.0073280632, 0.14780527, 0.03287989)

[node name="Physical Bone mixamorig6_RightHand" parent="LeanAndRotationPoint/IKCharacterMesh/MixamoRacer/Skeleton3D/PhysicalBoneSimulator3D" index="9"]
transform = Transform3D(-0.23840335, -0.8795019, -0.41187447, -0.82560426, -0.039789274, 0.5628452, -0.5114114, 0.4742294, -0.71663445, -0.254212, 0.9297171, 0.3954748)
joint_offset = Transform3D(1, 0, 0, 0, 1, 0, 0, 0, 1, -0.0068764286, 0.005263871, 0.02837115)
body_offset = Transform3D(-0.4897347, -0.5823829, -0.64888084, 0.000119417906, 0.7442057, -0.66802883, 0.8719524, -0.32723546, -0.36439508, 0.018107459, 0.015036166, 0.01805675)

[node name="Physical Bone mixamorig6_LeftUpLeg" parent="LeanAndRotationPoint/IKCharacterMesh/MixamoRacer/Skeleton3D/PhysicalBoneSimulator3D" index="10"]
transform = Transform3D(-0.51124406, -0.7064584, -0.48943466, -0.8447329, 0.30816647, 0.43756157, -0.15829165, 0.63714206, -0.75431675, 0.19130278, 0.867045, -0.25368896)
joint_offset = Transform3D(1, 0, 0, 0, 1, 0, 0, 0, 1, 0.0008227358, -0.00030186173, 0.20350462)
body_offset = Transform3D(1, 0.00051356107, 0.0007578209, 0.0007573068, 0.0008922219, -0.9999995, -0.00051409006, 0.9999995, 0.0008919239, -0.0009768009, 0.20350417, 0.00012077391)

[node name="Physical Bone mixamorig6_LeftLeg" parent="LeanAndRotationPoint/IKCharacterMesh/MixamoRacer/Skeleton3D/PhysicalBoneSimulator3D" index="11"]
transform = Transform3D(-0.98975784, 0.03247914, 0.13901383, 0.1301976, -0.1940224, 0.972319, 0.058551867, 0.9804593, 0.18780643, 0.26465872, 0.5861514, -0.1376578)
joint_offset = Transform3D(1, 0, 0, 0, 1, 0, 0, 0, 1, 0.0006939809, 0.002068347, 0.19577108)
body_offset = Transform3D(1.0000004, -0.00034699216, -0.00045776647, -0.00045704097, 0.001704976, -0.9999988, 0.0003477633, 0.99999857, 0.0017047971, -0.00060364604, 0.19576764, -0.0024023354)

[node name="Physical Bone mixamorig6_LeftFoot" parent="LeanAndRotationPoint/IKCharacterMesh/MixamoRacer/Skeleton3D/PhysicalBoneSimulator3D" index="12"]
transform = Transform3D(-0.99821734, -0.047254283, -0.036460493, -0.059685286, 0.7906085, 0.6094064, 2.891103e-05, 0.610496, -0.79201937, 0.23927045, 0.33618942, -0.09503221)
joint_offset = Transform3D(1, 0, 0, 0, 1, 0, 0, 0, 1, -0.0016454472, 0.0016460555, 0.09765778)
body_offset = Transform3D(1.0000006, 0.00020003664, 0.00019074026, 0.00019013911, 0.0029908717, -0.9999956, -0.00020057625, 0.99999547, 0.0029910505, 0.0016264915, 0.09765273, -0.0019384772)

[node name="Physical Bone mixamorig6_RightUpLeg" parent="LeanAndRotationPoint/IKCharacterMesh/MixamoRacer/Skeleton3D/PhysicalBoneSimulator3D" index="13"]
transform = Transform3D(-0.5188609, 0.70381415, 0.4852105, 0.8405197, 0.31649524, 0.43972453, 0.1559175, 0.6359847, -0.7557865, -0.18770523, 0.8679294, -0.25652912)
joint_offset = Transform3D(1, 0, 0, 0, 1, 0, 0, 0, 1, 0.0014482214, -0.00091754925, 0.20116906)
body_offset = Transform3D(1, -0.000272125, 7.457286e-05, 7.364899e-05, -0.0030112267, -0.9999956, 0.0002721846, 0.9999955, -0.0030111372, -0.0014634728, 0.20116532, 0.0015228987)

[node name="Physical Bone mixamorig6_RightLeg" parent="LeanAndRotationPoint/IKCharacterMesh/MixamoRacer/Skeleton3D/PhysicalBoneSimulator3D" index="14"]
transform = Transform3D(-0.99015176, -0.032584257, -0.13615501, -0.12762587, -0.18967223, 0.97351754, -0.057546157, 0.9813067, 0.18364564, -0.265594, 0.5864044, -0.13706441)
joint_offset = Transform3D(1, 0, 0, 0, 1, 0, 0, 0, 1, -0.0015361044, 0.00030402478, 0.19582035)
body_offset = Transform3D(1.0000002, 0.00025423244, 0.00021794345, 0.0002172701, 0.0026817918, -0.9999966, -0.00025480613, 0.9999965, 0.0026815534, 0.0014933497, 0.1958192, -0.00082951784)

[node name="Physical Bone mixamorig6_RightFoot" parent="LeanAndRotationPoint/IKCharacterMesh/MixamoRacer/Skeleton3D/PhysicalBoneSimulator3D" index="15"]
transform = Transform3D(-0.9982288, -0.046910275, -0.03659175, -0.05949389, 0.7879583, 0.61284786, 8.391114e-05, 0.6139392, -0.7893533, -0.23282018, 0.33135876, -0.091245964)
joint_offset = Transform3D(1, 0, 0, 0, 1, 0, 0, 0, 1, 0.001007436, 0.0030705791, 0.103815824)
body_offset = Transform3D(0.99999994, 0.00036231696, -0.0005406271, -0.000543187, 0.0070650876, -0.999975, -0.00035850532, 0.9999752, 0.0070655346, -0.0009524226, 0.10379207, -0.0038036555)

[node name="HeadTarget" parent="LeanAndRotationPoint/IKCharacterMesh/Targets" index="0"]
transform = Transform3D(0.99999994, -7.239909e-08, 1.3150904e-08, 7.1266e-08, 0.9084063, -0.41808897, 1.8322892e-08, 0.41808906, 0.9084061, 0, 1.7771792, 0)

[node name="LeftArmTarget" parent="LeanAndRotationPoint/IKCharacterMesh/Targets" index="1"]
transform = Transform3D(0.3579994, -0.93358016, -0.016309595, 0.93356377, 0.35820627, -0.012218969, 0.01724959, -0.010851652, 0.9997926, 0.17065138, 0.54643035, 0.28627902)

[node name="RightArmTarget" parent="LeanAndRotationPoint/IKCharacterMesh/Targets" index="2"]
transform = Transform3D(0.89618826, -0.3793981, 0.23000728, 0.21667142, -0.078135364, -0.9731133, 0.38716853, 0.9219289, 0.012180735, -0.171, 0.546, 0.286)

[node name="ButtTarget" parent="LeanAndRotationPoint/IKCharacterMesh/Targets" index="3"]
transform = Transform3D(0.9972978, -0.047047738, -0.05641314, 0.011882779, 0.8611869, -0.5081482, 0.07248954, 0.50610495, 0.8594194, 8.562988e-08, 0.64300925, -0.23276967)

[node name="LeftLegTarget" parent="LeanAndRotationPoint/IKCharacterMesh/Targets" index="4"]
transform = Transform3D(-0.9942024, -0.035288613, -0.101570226, -0.059410848, -0.6070492, 0.7924391, -0.08962238, 0.7938791, 0.6014333, 0.19855502, 0.28965372, -0.018588275)

[node name="RightLegTarget" parent="LeanAndRotationPoint/IKCharacterMesh/Targets" index="5"]
transform = Transform3D(-0.99056613, -0.062187843, -0.12210243, -0.05953961, -0.60723275, 0.79228956, -0.12341529, 0.79208636, 0.5978021, -0.199, 0.29, -0.019)

[node name="CrashCamPosition" type="SpringArm3D" parent="LeanAndRotationPoint/IKCharacterMesh"]
unique_name_in_owner = true
transform = Transform3D(0.99999994, 2.0736334e-07, 9.599724e-08, 1.4939812e-07, -0.9111905, 0.41198504, 1.7290242e-07, -0.41198495, -0.9111905, 4.8273824e-07, 2.942359, -3.3534045)
spring_length = 1.5

[node name="CrashingCamera" type="Camera3D" parent="LeanAndRotationPoint/IKCharacterMesh/CrashCamPosition"]
unique_name_in_owner = true
fov = 70.0

[node name="BikeMesh" type="Node3D" parent="LeanAndRotationPoint"]
unique_name_in_owner = true
transform = Transform3D(0.99999994, 0, 0, 0, 0.99999994, 0, 0, 0, 1, 0, 0, 0)

[node name="TailLight" type="MeshInstance3D" parent="LeanAndRotationPoint"]
unique_name_in_owner = true
transform = Transform3D(1, 0, 0, 0, 1, 0, 0, 0, 1, 0, 0.94790524, 0.958052)
mesh = SubResource("BoxMesh_u5kmf")
surface_material_override/0 = ExtResource("6_8fp08")

[node name="BikeMods" type="Node3D" parent="LeanAndRotationPoint"]

[node name="TrainingWheels" type="Node3D" parent="LeanAndRotationPoint/BikeMods"]
unique_name_in_owner = true
transform = Transform3D(1, 0, 0, 0, 1, 0, 0, 0, 1, 0, 0.07463604, 0.68403995)
visible = false

[node name="TrainingWheelsMod" parent="LeanAndRotationPoint/BikeMods/TrainingWheels" instance=ExtResource("7_l0owt")]
transform = Transform3D(1, 0, 0, 0, 1, 0, 0, 0, 1, 0.15, 0.335, 0.117)
is_left_wheel = false

[node name="TrainingWheelsMod2" parent="LeanAndRotationPoint/BikeMods/TrainingWheels" instance=ExtResource("7_l0owt")]
transform = Transform3D(-1, 0, -8.742278e-08, 0, 1, 0, 8.742278e-08, 0, -1, -0.15, 0.335, 0.117)

[node name="WheelMarkers" type="Node3D" parent="LeanAndRotationPoint"]

[node name="FrontWheelMarker" type="Marker3D" parent="LeanAndRotationPoint/WheelMarkers"]
transform = Transform3D(1, 0, 0, 0, 1, 0, 0, 0, 1, 0, 0, -0.6935269)

[node name="RearWheelMarker" type="Marker3D" parent="LeanAndRotationPoint/WheelMarkers"]
transform = Transform3D(1, 0, 0, 0, 1, 0, 0, 0, 1, 0, 0, 0.7299706)

[node name="RidingCamPosition" type="SpringArm3D" parent="."]
unique_name_in_owner = true
transform = Transform3D(0.9919055, 0.011276588, -0.12647632, -9.313226e-10, 0.9960488, 0.08880738, 0.12697804, -0.08808853, 0.9879863, -0.14068353, 1.6460282, 1.3987733)
spring_length = 1.5

[node name="RidingCamera" type="Camera3D" parent="RidingCamPosition"]
unique_name_in_owner = true
fov = 70.0

[node name="AnimationPlayer" type="AnimationPlayer" parent="."]
unique_name_in_owner = true
libraries = {
&"": SubResource("AnimationLibrary_8fp08"),
&"dirt_bike": ExtResource("6_x2eqs"),
&"pocket_bike": ExtResource("10_l0owt"),
&"sport_bike": ExtResource("5_voh27")
}

[node name="FunctionalityComponents" type="Node" parent="."]
unique_name_in_owner = true

[node name="BikeAnimation" type="Node" parent="FunctionalityComponents"]
unique_name_in_owner = true
script = ExtResource("6_voh27")

[node name="BikeInput" type="Node" parent="FunctionalityComponents"]
unique_name_in_owner = true
script = ExtResource("13_input")

[node name="BikePhysics" type="Node" parent="FunctionalityComponents"]
unique_name_in_owner = true
script = ExtResource("8_physics")

[node name="BikeGearing" type="Node" parent="FunctionalityComponents"]
unique_name_in_owner = true
script = ExtResource("5_gearing")

[node name="BikeTricks" type="Node" parent="FunctionalityComponents"]
unique_name_in_owner = true
script = ExtResource("7_tricks")

[node name="BikeCrash" type="Node" parent="FunctionalityComponents"]
unique_name_in_owner = true
script = ExtResource("9_crash")

[node name="BikeAudio" type="Node" parent="FunctionalityComponents"]
unique_name_in_owner = true
script = ExtResource("10_audio")

[node name="BikeUI" type="Node" parent="FunctionalityComponents"]
unique_name_in_owner = true
script = ExtResource("11_ui")

[node name="Sounds" type="Node" parent="."]

[node name="EngineSound" type="AudioStreamPlayer" parent="Sounds"]
unique_name_in_owner = true
stream = ExtResource("19_q0gqt")
volume_db = -25.0
pitch_scale = 0.49

[node name="TireScreechSound" type="AudioStreamPlayer" parent="Sounds"]
unique_name_in_owner = true
stream = ExtResource("11_pgn4o")
volume_db = -15.0
pitch_scale = 0.9

[node name="EngineGrindSound" type="AudioStreamPlayer" parent="Sounds"]
unique_name_in_owner = true
stream = ExtResource("12_pgn4o")
volume_db = -10.0

[node name="ExhaustPopsSound" type="AudioStreamPlayer" parent="Sounds"]
unique_name_in_owner = true
stream = ExtResource("12_nkid5")
volume_db = 2.5

[node name="NOSSound" type="AudioStreamPlayer" parent="Sounds"]
unique_name_in_owner = true
stream = ExtResource("17_fm7or")
volume_db = -20.0

[node name="BikeMarkers" type="Node3D" parent="."]

[node name="RearWheelMarker" type="Marker3D" parent="BikeMarkers"]
unique_name_in_owner = true
transform = Transform3D(1, 0, 0, 0, 1, 0, 0, 0, 1, 0, 0, 0.68403995)

[node name="FrontWheelMarker" type="Marker3D" parent="BikeMarkers"]
unique_name_in_owner = true
transform = Transform3D(1, 0, 0, 0, 1, 0, 0, 0, 1, 0, 0, -0.7181249)

[node name="OriginMarker" type="Marker3D" parent="BikeMarkers"]
unique_name_in_owner = true

[node name="SpeedLinesEffect" type="ColorRect" parent="."]
unique_name_in_owner = true
visible = false
material = ExtResource("14_speedlines")
anchors_preset = 15
anchor_right = 1.0
anchor_bottom = 1.0
grow_horizontal = 2
grow_vertical = 2
size_flags_horizontal = 3
size_flags_vertical = 3
mouse_filter = 2
color = Color(0, 0, 0, 1)

[node name="MotoUI" type="MarginContainer" parent="."]
anchors_preset = 15
anchor_right = 1.0
anchor_bottom = 1.0
grow_horizontal = 2
grow_vertical = 2
theme_override_constants/margin_left = 64
theme_override_constants/margin_top = 64
theme_override_constants/margin_right = 64
theme_override_constants/margin_bottom = 64

[node name="VBoxContainer" type="VBoxContainer" parent="MotoUI"]
layout_mode = 2
size_flags_horizontal = 8
size_flags_vertical = 4

[node name="GearLabel" type="Label" parent="MotoUI/VBoxContainer"]
unique_name_in_owner = true
layout_mode = 2
size_flags_horizontal = 8
theme_override_font_sizes/font_size = 24
text = "Gear:"

[node name="SpeedLabel" type="Label" parent="MotoUI/VBoxContainer"]
unique_name_in_owner = true
layout_mode = 2
size_flags_horizontal = 8
theme_override_font_sizes/font_size = 24
text = "Speed:"

[node name="HBoxContainer" type="HBoxContainer" parent="MotoUI/VBoxContainer"]
layout_mode = 2
alignment = 2

[node name="Label" type="Label" parent="MotoUI/VBoxContainer/HBoxContainer"]
layout_mode = 2
theme_override_font_sizes/font_size = 24
text = "Throttle"

[node name="ThrottleBar" type="ProgressBar" parent="MotoUI/VBoxContainer/HBoxContainer"]
unique_name_in_owner = true
custom_minimum_size = Vector2(100, 12)
layout_mode = 2
size_flags_horizontal = 8
size_flags_vertical = 1
max_value = 1.0
show_percentage = false

[node name="HBoxContainer2" type="HBoxContainer" parent="MotoUI/VBoxContainer"]
layout_mode = 2
alignment = 2

[node name="Label2" type="Label" parent="MotoUI/VBoxContainer/HBoxContainer2"]
layout_mode = 2
theme_override_font_sizes/font_size = 24
text = "RPM"

[node name="RPMBar" type="ProgressBar" parent="MotoUI/VBoxContainer/HBoxContainer2"]
unique_name_in_owner = true
custom_minimum_size = Vector2(100, 12)
layout_mode = 2
size_flags_horizontal = 8
size_flags_vertical = 1
max_value = 1.0
show_percentage = false

[node name="HBoxContainer3" type="HBoxContainer" parent="MotoUI/VBoxContainer"]
layout_mode = 2
alignment = 2

[node name="Label3" type="Label" parent="MotoUI/VBoxContainer/HBoxContainer3"]
layout_mode = 2
theme_override_font_sizes/font_size = 24
text = "BrakeDanger"

[node name="BrakeDangerBar" type="ProgressBar" parent="MotoUI/VBoxContainer/HBoxContainer3"]
unique_name_in_owner = true
custom_minimum_size = Vector2(100, 12)
layout_mode = 2
size_flags_horizontal = 8
size_flags_vertical = 1
max_value = 1.0
show_percentage = false

[node name="HBoxContainer4" type="HBoxContainer" parent="MotoUI/VBoxContainer"]
layout_mode = 2
alignment = 2

[node name="Label4" type="Label" parent="MotoUI/VBoxContainer/HBoxContainer4"]
layout_mode = 2
theme_override_font_sizes/font_size = 24
text = "Clutch"

[node name="ClutchBar" type="ProgressBar" parent="MotoUI/VBoxContainer/HBoxContainer4"]
unique_name_in_owner = true
custom_minimum_size = Vector2(100, 12)
layout_mode = 2
size_flags_horizontal = 8
size_flags_vertical = 1
max_value = 1.0
show_percentage = false

[node name="DifficultyLabel" type="Label" parent="MotoUI/VBoxContainer"]
unique_name_in_owner = true
layout_mode = 2
size_flags_horizontal = 8
theme_override_font_sizes/font_size = 24
text = "Easy"

[node name="BoostLabel" type="Label" parent="MotoUI/VBoxContainer"]
unique_name_in_owner = true
layout_mode = 2
size_flags_horizontal = 8
theme_override_font_sizes/font_size = 24
text = "Boost: 2"

[node name="VBoxContainer2" type="VBoxContainer" parent="MotoUI"]
layout_mode = 2
size_flags_horizontal = 4
size_flags_vertical = 0

[node name="ScoreLabel" type="Label" parent="MotoUI/VBoxContainer2"]
unique_name_in_owner = true
layout_mode = 2
size_flags_horizontal = 8
theme_override_colors/font_color = Color(1, 0.85, 0.2, 1)
theme_override_font_sizes/font_size = 28
text = "Score: 0"

[node name="BoostToast" type="Label" parent="MotoUI/VBoxContainer2"]
unique_name_in_owner = true
layout_mode = 2
theme_override_colors/font_color = Color(0.2, 1, 0.4, 1)
theme_override_font_sizes/font_size = 24
text = "+1 Boost!"
horizontal_alignment = 1
vertical_alignment = 1

[node name="TrickLabel" type="Label" parent="MotoUI/VBoxContainer2"]
unique_name_in_owner = true
layout_mode = 2
size_flags_horizontal = 8
theme_override_colors/font_color = Color(0.4, 1, 0.6, 1)
theme_override_font_sizes/font_size = 24
text = "Trick Name +100"

[node name="ComboLabel" type="Label" parent="MotoUI/VBoxContainer2"]
unique_name_in_owner = true
layout_mode = 2
size_flags_horizontal = 8
theme_override_colors/font_color = Color(1, 0.5, 0.2, 1)
theme_override_font_sizes/font_size = 20
text = "x1.00 (0)"

[node name="TrickFeedLabel" type="Label" parent="MotoUI/VBoxContainer2"]
unique_name_in_owner = true
layout_mode = 2
size_flags_horizontal = 8
theme_override_colors/font_color = Color(0.8, 0.9, 1, 1)
theme_override_font_sizes/font_size = 18

[node name="RespawnLabel" type="Label" parent="MotoUI"]
unique_name_in_owner = true
layout_mode = 2
size_flags_horizontal = 4
theme_override_font_sizes/font_size = 24
text = "Press Start to Respawn"

[editable path="LeanAndRotationPoint/IKCharacterMesh"]
[editable path="LeanAndRotationPoint/IKCharacterMesh/MixamoRacer"]
