[gd_scene load_steps=27 format=3 uid="uid://bmqevs0vheol7"]

[ext_resource type="Script" uid="uid://c331s8cm2gjtp" path="res://scenes/bike/player_controller.gd" id="1_5uol1"]
[ext_resource type="PackedScene" uid="uid://dobqcdavdvkdf" path="res://scenes/bike/bike_mesh.tscn" id="2_f1dwp"]
[ext_resource type="Resource" uid="uid://cj6x3q0m1yvhf" path="res://resources/bikes/sport_bike.tres" id="2_fm7or"]
[ext_resource type="PackedScene" uid="uid://gobjlpuvfmm8" path="res://scenes/character/ik_char_mesh.tscn" id="2_wi4rf"]
[ext_resource type="Script" uid="uid://biy8pd4m0fncl" path="res://scenes/bike/components/bike_state.gd" id="2_x2eqs"]
[ext_resource type="Script" uid="uid://l500tpp42su8" path="res://scenes/bike/components/bike_gearing.gd" id="5_gearing"]
[ext_resource type="AnimationLibrary" uid="uid://d3c8x3281rwy5" path="res://resources/bikes/sport_bike_anim_library.res" id="5_voh27"]
[ext_resource type="Script" uid="uid://jx4j084pg5ad" path="res://scenes/bike/components/bike_animation.gd" id="6_voh27"]
[ext_resource type="AnimationLibrary" uid="uid://dp5mp2j5ojl2l" path="res://resources/bikes/dirt_bike_anim_library.res" id="6_x2eqs"]
[ext_resource type="Script" uid="uid://bpqhimqk1dt2d" path="res://scenes/bike/components/bike_tricks.gd" id="7_tricks"]
[ext_resource type="Script" uid="uid://cgy5mk1x6lanu" path="res://scenes/bike/components/bike_physics.gd" id="8_physics"]
[ext_resource type="Script" uid="uid://bbk0xwdxhsifa" path="res://scenes/bike/components/bike_crash.gd" id="9_crash"]
[ext_resource type="Script" uid="uid://b662mtkdepm0j" path="res://scenes/bike/components/bike_audio.gd" id="10_audio"]
[ext_resource type="AudioStream" uid="uid://dn6ey2jxm33vt" path="res://assets/sounds/motorcycle-stable-rpm.ogg" id="10_t042m"]
[ext_resource type="AudioStream" uid="uid://c61khm016rfjr" path="res://assets/sounds/tire-screech-short.ogg" id="11_pgn4o"]
[ext_resource type="Script" uid="uid://pc1xy500s1vu" path="res://scenes/bike/components/bike_ui.gd" id="11_ui"]
[ext_resource type="AudioStream" uid="uid://fghbqufnqde0" path="res://assets/sounds/exhaust-pops.ogg" id="12_nkid5"]
[ext_resource type="AudioStream" uid="uid://tkuif41xejv4" path="res://assets/sounds/grinding-gear.ogg" id="12_pgn4o"]
[ext_resource type="Script" uid="uid://deoncd44247pm" path="res://scenes/bike/components/bike_input.gd" id="13_input"]
[ext_resource type="Material" uid="uid://dddd4ebearn7x" path="res://assets/materials/speed_lines_material.tres" id="14_speedlines"]
[ext_resource type="AudioStream" uid="uid://7duowi0k1kbh" path="res://assets/sounds/nos-sfx.mp3" id="17_fm7or"]

[sub_resource type="Resource" id="Resource_v7ldm"]
script = ExtResource("2_x2eqs")

[sub_resource type="CapsuleShape3D" id="CapsuleShape3D_nkid5"]
radius = 0.35
height = 2.3

[sub_resource type="Animation" id="Animation_wi4rf"]
resource_name = "lean_left"
length = 0.4
tracks/0/type = "value"
tracks/0/imported = false
tracks/0/enabled = true
tracks/0/path = NodePath("LeanAndRotationPoint/IKCharacterMesh/Targets/ButtTarget:position")
tracks/0/interp = 1
tracks/0/loop_wrap = true
tracks/0/keys = {
"times": PackedFloat32Array(0, 0.4),
"transitions": PackedFloat32Array(1, 1),
"update": 0,
"values": [Vector3(2.769973e-08, 0.98623186, -0.35969338), Vector3(0.25, 0.986, -0.36)]
}

[sub_resource type="Animation" id="Animation_fm7or"]
resource_name = "lean_right"
length = 0.4
tracks/0/type = "value"
tracks/0/imported = false
tracks/0/enabled = true
tracks/0/path = NodePath("LeanAndRotationPoint/IKCharacterMesh/Targets/ButtTarget:position")
tracks/0/interp = 1
tracks/0/loop_wrap = true
tracks/0/keys = {
"times": PackedFloat32Array(0, 0.4),
"transitions": PackedFloat32Array(1, 1),
"update": 0,
"values": [Vector3(2.769973e-08, 0.98623186, -0.35969338), Vector3(-0.25, 0.986, -0.36)]
}

[sub_resource type="AnimationLibrary" id="AnimationLibrary_lean"]
_data = {
&"lean_left": SubResource("Animation_wi4rf"),
&"lean_right": SubResource("Animation_fm7or")
}

[node name="PlayerController" type="CharacterBody3D"]
collision_mask = 3
script = ExtResource("1_5uol1")
state = SubResource("Resource_v7ldm")
bike_config = ExtResource("2_fm7or")

[node name="CollisionShape3D" type="CollisionShape3D" parent="."]
unique_name_in_owner = true
transform = Transform3D(1, 0, 0, 0, -4.371139e-08, 1, 0, -1, -4.371139e-08, 0, 0.35, 0)
shape = SubResource("CapsuleShape3D_nkid5")

[node name="LeanAndRotationPoint" type="Node3D" parent="."]
unique_name_in_owner = true
transform = Transform3D(0.99999994, 0, 0, 0, 0.99999994, 0, 0, 0, 1, 0, 0, 0)

[node name="BikeMesh" parent="LeanAndRotationPoint" instance=ExtResource("2_f1dwp")]
unique_name_in_owner = true
transform = Transform3D(0.9998477, 0.017452609, 0, -0.017452609, 0.9998477, 0, 0, 0, 1, 0, 0, 0)
bike_config = ExtResource("2_fm7or")

[node name="FrontWheelMarker" parent="LeanAndRotationPoint/BikeMesh/WheelMarkers" index="0"]
transform = Transform3D(1, 0, 0, 0, 1, 0, 0, 0, 1, 0, 0, -0.7181249)

[node name="RearWheelMarker" parent="LeanAndRotationPoint/BikeMesh/WheelMarkers" index="1"]
transform = Transform3D(1, 0, 0, 0, 1, 0, 0, 0, 1, 0, 0, 0.68403995)

[node name="IKCharacterMesh" parent="LeanAndRotationPoint" instance=ExtResource("2_wi4rf")]
unique_name_in_owner = true
transform = Transform3D(-1, 0, -1.509958e-07, 0, 1, 0, 1.509958e-07, 0, -1, 0, 0, 0)
left_leg_magnet = Vector3(1, 0, 1)
right_leg_magnet = Vector3(-1, 0, 1)
max_bone_angular_velocity = 100.0

[node name="Skeleton3D" parent="LeanAndRotationPoint/IKCharacterMesh/MixamoRacer" index="0"]
bones/0/position = Vector3(2.7699734e-08, 0.98623186, -0.35969338)
bones/0/rotation = Quaternion(0.46173313, 8.114458e-09, 4.276859e-08, 0.88701886)
bones/8/position = Vector3(1.5199184e-06, 0.1310766, 5.6028366e-06)
bones/8/scale = Vector3(0.99952495, 0.999525, 0.99952507)
bones/9/position = Vector3(-1.5616417e-05, 0.27071893, 3.7550926e-06)
bones/9/scale = Vector3(0.99995863, 0.99995834, 0.99995863)
bones/10/position = Vector3(1.013279e-06, 0.25567788, 5.364418e-06)
bones/10/scale = Vector3(0.9999232, 0.9999287, 0.999921)
bones/32/position = Vector3(-5.9604645e-08, 0.13107663, -2.6226044e-06)
bones/32/scale = Vector3(1.0001338, 1.0001336, 1.0001339)
bones/33/position = Vector3(6.3180923e-06, 0.2706902, 3.7252903e-07)
bones/33/scale = Vector3(1.0000056, 1.0000056, 1.0000056)
bones/34/position = Vector3(1.7881393e-06, 0.25565445, -2.7418137e-06)
bones/34/scale = Vector3(0.99983805, 0.9997685, 0.9998116)

[node name="LeftArmIK" parent="LeanAndRotationPoint/IKCharacterMesh/MixamoRacer/Skeleton3D" index="1"]
target = Transform3D(-0.08169469, -0.027651627, -0.9962736, 0.98497635, -0.15483423, -0.0764709, -0.15214273, -0.9875532, 0.039885372, -0.95111763, 0.60892016, 0.40098357)
override_tip_basis = false

[node name="RightArmIK" parent="LeanAndRotationPoint/IKCharacterMesh/MixamoRacer/Skeleton3D" index="2"]
target = Transform3D(-0.04889248, 0.92596906, -0.37442094, -0.52059925, -0.3435467, -0.78163445, -0.85240024, 0.15670708, 0.49885568, 0.9806601, 0.12702164, 0.55838567)

[node name="LeftLegIK" parent="LeanAndRotationPoint/IKCharacterMesh/MixamoRacer/Skeleton3D" index="3"]
target = Transform3D(-0.9982336, 0.03612911, -0.047162842, -0.059410855, -0.60704976, 0.7924393, -6.939984e-08, 0.7938415, 0.60812396, 0.2375038, 0.39871255, -0.17106614)
magnet = Vector3(1, 0, 1)

[node name="RightLegIK" parent="LeanAndRotationPoint/IKCharacterMesh/MixamoRacer/Skeleton3D" index="4"]
target = Transform3D(-0.9982256, 0.036801673, -0.046809737, -0.05953972, -0.60723305, 0.7922895, 0.0007331595, 0.7936708, 0.60834676, -0.238, 0.399, -0.171)
magnet = Vector3(-1, 0, 1)

[node name="HeadIK" parent="LeanAndRotationPoint/IKCharacterMesh/MixamoRacer/Skeleton3D" index="5"]
target = Transform3D(1, 1.274684e-08, 9.343069e-10, -1.274684e-08, 0.9893129, 0.14580679, 9.342784e-10, -0.14580679, 0.9893129, -1.8309903e-07, 1.7583534, 0.73081344)
use_magnet = true

[node name="Physical Bone mixamorig6_Hips" parent="LeanAndRotationPoint/IKCharacterMesh/MixamoRacer/Skeleton3D/PhysicalBoneSimulator3D" index="0"]
transform = Transform3D(1, 0.00017135407, -1.9303894e-05, 0.00011777572, -0.7604779, -0.6493639, -0.00012595132, 0.6493639, -0.7604779, 0.0002648452, 1.020447, -0.3143137)
joint_offset = Transform3D(1, 0, 0, 0, 1, 0, 0, 0, 1, -0.00026313166, -0.003448065, 0.05672833)
body_offset = Transform3D(0.99999994, 0.00017130695, -1.9377121e-05, -3.568241e-05, 0.09570092, -0.9954101, -0.00016866627, 0.9954101, 0.09570086, 0.00026482152, 0.05679792, -0.0019967556)

[node name="Physical Bone mixamorig6_Spine" parent="LeanAndRotationPoint/IKCharacterMesh/MixamoRacer/Skeleton3D/PhysicalBoneSimulator3D" index="1"]
transform = Transform3D(0.9999998, 0.0004341646, -0.00041751703, 5.957813e-05, -0.7610474, -0.64869624, -0.0005993912, 0.6486961, -0.7610473, 0.0006259041, 1.0950342, -0.23221886)
joint_offset = Transform3D(1, 0, 0, 0, 1, 0, 0, 0, 1, -0.0005988519, 9.029296e-06, 0.064754635)
body_offset = Transform3D(0.9999999, 0.00043411748, -0.00041759023, -0.0004171581, -0.0009950697, -0.9999995, -0.00043453276, 0.9999996, -0.0009948909, 0.0006258888, 0.06475437, 5.5134296e-05)

[node name="Physical Bone mixamorig6_Spine1" parent="LeanAndRotationPoint/IKCharacterMesh/MixamoRacer/Skeleton3D/PhysicalBoneSimulator3D" index="2"]
transform = Transform3D(0.9999999, 0.00035679247, -0.00030820034, 7.15209e-05, -0.7609268, -0.64883775, -0.00046601833, 0.6488377, -0.76092666, 0.0004250079, 1.1712092, -0.11208894)
joint_offset = Transform3D(1, 0, 0, 0, 1, 0, 0, 0, 1, -0.00039144664, -0.020081198, 0.08561039)
body_offset = Transform3D(0.99999994, 0.0003567453, -0.00030827356, -0.00030798488, -0.00080907345, -0.9999998, -0.00035699463, 0.99999976, -0.00080892444, 0.00042500187, 0.085594, 0.020150304)

[node name="Physical Bone mixamorig6_Head" parent="LeanAndRotationPoint/IKCharacterMesh/MixamoRacer/Skeleton3D/PhysicalBoneSimulator3D" index="3"]
transform = Transform3D(-1, -1.4578392e-05, 9.545694e-05, -7.854678e-05, 0.69781435, -0.7162787, -5.616903e-05, -0.7162787, -0.6978144, 0.00069139426, 1.4429579, 0.16820806)
joint_offset = Transform3D(1, 0, 0, 0, 1, 0, 0, 0, 1, 0.00070555037, -0.00496725, 0.14730126)
body_offset = Transform3D(-0.99999994, -1.4541784e-05, 9.5393094e-05, -9.4763636e-05, 0.33443072, -0.9424206, -1.8197909e-05, -0.9424206, -0.3344308, 0.0006914265, 0.140481, 0.044580847)

[node name="Physical Bone mixamorig6_LeftShoulder" parent="LeanAndRotationPoint/IKCharacterMesh/MixamoRacer/Skeleton3D/PhysicalBoneSimulator3D" index="4"]
transform = Transform3D(-0.026907397, -0.26311514, -0.9643892, 0.7599324, -0.63215554, 0.1512687, -0.649445, -0.7288003, 0.21695937, 0.12540926, 1.2967675, 0.0037412283)
joint_offset = Transform3D(1, 0, 0, 0, 1, 0, 0, 0, 1, 0.0033609413, -0.001034187, 0.06602916)
body_offset = Transform3D(1.0000001, 0.0003092885, 0.00014905632, 0.00014902651, 0.00012403727, -1.0000002, -0.0003094077, 1, 0.00012387335, -0.0033704638, 0.0660288, 0.0010270476)

[node name="Physical Bone mixamorig6_LeftArm" parent="LeanAndRotationPoint/IKCharacterMesh/MixamoRacer/Skeleton3D/PhysicalBoneSimulator3D" index="5"]
transform = Transform3D(0.99032944, 0.009102598, -0.13843709, 0.1080351, -0.6766303, 0.7283543, -0.08704082, -0.73626673, -0.6710702, 0.2042806, 1.1848683, 0.078442566)
joint_offset = Transform3D(1, 0, 0, 0, 1, 0, 0, 0, 1, 0.0034196426, -0.004909199, 0.13946293)
body_offset = Transform3D(1.0004743, -0.0013983771, 0.00022567436, 0.00022394955, -0.0011897981, -1.0004745, 0.001398705, 1.0004736, -0.0011896491, -0.0034596026, 0.1395225, 0.0050726533)

[node name="Physical Bone mixamorig6_LeftHand" parent="LeanAndRotationPoint/IKCharacterMesh/MixamoRacer/Skeleton3D/PhysicalBoneSimulator3D" index="6"]
transform = Transform3D(-0.27054378, 0.7780984, 0.5668941, 0.9273084, 0.052410435, 0.37061077, 0.2586605, 0.62595206, -0.7357166, 0.2572774, 0.9286183, 0.38056564)
joint_offset = Transform3D(1, 0, 0, 0, 1, 0, 0, 0, 1, -0.0036624433, 0.0025258358, 0.023298377)
body_offset = Transform3D(-0.46631405, 0.60900366, 0.6425361, 0.0002643913, 0.7263195, -0.6882229, -0.88528556, -0.32056552, -0.33865076, -0.01821614, 0.014200881, 0.0054574013)

[node name="Physical Bone mixamorig6_RightShoulder" parent="LeanAndRotationPoint/IKCharacterMesh/MixamoRacer/Skeleton3D/PhysicalBoneSimulator3D" index="7"]
transform = Transform3D(-0.026016468, 0.26336473, 0.96434546, -0.7594053, -0.63255, 0.15226318, 0.6500974, -0.7283677, 0.2164573, -0.12724215, 1.3000399, 0.0077486257)
joint_offset = Transform3D(1, 0, 0, 0, 1, 0, 0, 0, 1, -0.0033686005, 0.0044625048, 0.0664348)
body_offset = Transform3D(1, 0.0006439686, 0.000115305185, 0.000115424395, -1.49309635e-05, -1.0000001, -0.0006439388, 1, -1.5065074e-05, 0.003358066, 0.06643526, -0.0044636726)

[node name="Physical Bone mixamorig6_RightArm" parent="LeanAndRotationPoint/IKCharacterMesh/MixamoRacer/Skeleton3D/PhysicalBoneSimulator3D" index="8"]
transform = Transform3D(0.9897927, -0.05615634, 0.13098413, -0.13230836, -0.70363885, 0.698131, 0.05296103, -0.70833534, -0.70388657, -0.20432174, 1.1945469, 0.08081409)
joint_offset = Transform3D(1, 0, 0, 0, 1, 0, 0, 0, 1, -0.0016768095, -0.002499694, 0.1337808)
body_offset = Transform3D(0.9998664, 0.00033353642, 0.0001521185, 0.0001520291, -4.544854e-05, -0.9998665, -0.00033351406, 0.9998665, -4.5478344e-05, 0.0016570687, 0.13376307, 0.0025048852)

[node name="Physical Bone mixamorig6_RightHand" parent="LeanAndRotationPoint/IKCharacterMesh/MixamoRacer/Skeleton3D/PhysicalBoneSimulator3D" index="9"]
transform = Transform3D(-0.23832367, -0.8795827, -0.41174757, -0.8256368, -0.03974927, 0.5628001, -0.51139593, 0.47408253, -0.71674263, -0.2567699, 0.93793464, 0.39842263)
joint_offset = Transform3D(1, 0, 0, 0, 1, 0, 0, 0, 1, 0.0008041328, 0.0019471447, 0.024804732)
body_offset = Transform3D(-0.48965853, -0.5825176, -0.6488175, 0.00011536479, 0.74409807, -0.6681487, 0.871995, -0.3272406, -0.36428785, 0.01762174, 0.015124291, 0.008972049)

[node name="Physical Bone mixamorig6_LeftUpLeg" parent="LeanAndRotationPoint/IKCharacterMesh/MixamoRacer/Skeleton3D/PhysicalBoneSimulator3D" index="10"]
transform = Transform3D(-0.5118131, -0.7067407, -0.48843125, -0.8443829, 0.30906078, 0.437606, -0.15831898, 0.63639545, -0.75494105, 0.19157726, 0.8676812, -0.2534459)
joint_offset = Transform3D(1, 0, 0, 0, 1, 0, 0, 0, 1, 0.0016308158, -0.00023720643, 0.2035436)
body_offset = Transform3D(1.0000001, 2.1636486e-05, 0.00030587614, 0.00030580908, -0.00020101666, -1.0000001, -2.1547079e-05, 1, -0.00020095706, -0.0016930699, 0.20354307, 0.00027814507)

[node name="Physical Bone mixamorig6_LeftLeg" parent="LeanAndRotationPoint/IKCharacterMesh/MixamoRacer/Skeleton3D/PhysicalBoneSimulator3D" index="11"]
transform = Transform3D(-0.98978454, 0.032428805, 0.13883469, 0.13005754, -0.19357862, 0.97242606, 0.05841004, 0.9805487, 0.18738349, 0.2651424, 0.5887017, -0.1358884)
joint_offset = Transform3D(1, 0, 0, 0, 1, 0, 0, 0, 1, 0.00070486346, 0.0008977258, 0.19289155)
body_offset = Transform3D(1.0000005, -0.00023442134, -0.0002909666, -0.0002905242, 0.0012638867, -0.9999995, 0.00023471192, 0.9999993, 0.0012636483, -0.00064852834, 0.19289052, -0.0011416376)

[node name="Physical Bone mixamorig6_LeftFoot" parent="LeanAndRotationPoint/IKCharacterMesh/MixamoRacer/Skeleton3D/PhysicalBoneSimulator3D" index="12"]
transform = Transform3D(-0.99823296, -0.047325782, -0.03593533, -0.05942163, 0.791084, 0.60881466, -0.00038476748, 0.6098742, -0.79249823, 0.23993662, 0.33771837, -0.0952965)
joint_offset = Transform3D(1, 0, 0, 0, 1, 0, 0, 0, 1, -0.0008419845, 0.0007058287, 0.096540935)
body_offset = Transform3D(1.0000004, 0.00024303085, -0.00029833958, -0.00029884288, 0.0022059977, -0.99999774, -0.00024248162, 0.9999978, 0.0022062957, 0.00087061524, 0.0965389, -0.0009190291)

[node name="Physical Bone mixamorig6_RightUpLeg" parent="LeanAndRotationPoint/IKCharacterMesh/MixamoRacer/Skeleton3D/PhysicalBoneSimulator3D" index="13"]
transform = Transform3D(-0.51885986, 0.7038805, 0.48511508, 0.84050906, 0.3165089, 0.43973476, 0.1559775, 0.6359043, -0.75584173, -0.18842585, 0.87038773, -0.2566433)
joint_offset = Transform3D(1, 0, 0, 0, 1, 0, 0, 0, 1, -0.0009842209, -0.0010959425, 0.2003515)
body_offset = Transform3D(1, -0.00030755252, 0.00012400746, 0.00012298673, -0.00311023, -0.9999952, 0.0003080964, 0.99999505, -0.0031102598, 0.00095903873, 0.20034724, 0.0017193854)

[node name="Physical Bone mixamorig6_RightLeg" parent="LeanAndRotationPoint/IKCharacterMesh/MixamoRacer/Skeleton3D/PhysicalBoneSimulator3D" index="14"]
transform = Transform3D(-0.9901686, -0.03234191, -0.13608904, -0.12752771, -0.19100381, 0.9732699, -0.05747093, 0.98105633, 0.18500149, -0.26465094, 0.5877284, -0.13694145)
joint_offset = Transform3D(1, 0, 0, 0, 1, 0, 0, 0, 1, -0.0004045153, 0.00019758684, 0.19463772)
body_offset = Transform3D(1, 0.00019817427, 0.000106334686, 0.00010561105, 0.004056871, -0.9999917, -0.00019869208, 0.9999916, 0.0040569007, 0.0003837794, 0.19463533, -0.0009872913)

[node name="Physical Bone mixamorig6_RightFoot" parent="LeanAndRotationPoint/IKCharacterMesh/MixamoRacer/Skeleton3D/PhysicalBoneSimulator3D" index="15"]
transform = Transform3D(-0.9982261, -0.04675102, -0.036863856, -0.059535097, 0.78816754, 0.6125745, 0.0004164117, 0.61368257, -0.7895528, -0.23466781, 0.3356877, -0.091873705)
joint_offset = Transform3D(1, 0, 0, 0, 1, 0, 0, 0, 1, -0.00060834794, -8.959731e-06, 0.10059945)
body_offset = Transform3D(0.9999999, 0.00019057599, -0.00025289907, -0.00025418823, 0.0067400634, -0.99997735, -0.00018899134, 0.9999774, 0.006740153, 0.0006337911, 0.10059708, -0.00066921115)

[node name="HeadTarget" parent="LeanAndRotationPoint/IKCharacterMesh/Targets" index="0"]
transform = Transform3D(0.99999994, -7.239909e-08, 1.3150904e-08, 7.1266e-08, 0.9084063, -0.41808897, 1.8322892e-08, 0.41808906, 0.9084061, -1.3219673e-07, 1.452965, 0.39370275)

[node name="LeftArmTarget" parent="LeanAndRotationPoint/IKCharacterMesh/Targets" index="1"]
transform = Transform3D(0.004719209, -0.73578477, -0.6771997, 0.98280996, 0.12840238, -0.13266161, 0.18456443, -0.66493213, 0.7237418, 0.2897014, 0.87960595, 0.43031964)

[node name="RightArmTarget" parent="LeanAndRotationPoint/IKCharacterMesh/Targets" index="2"]
transform = Transform3D(0.8961891, -0.3793979, 0.23000762, 0.062282454, -0.40570283, -0.91188085, 0.43928036, 0.83154285, -0.33995634, -0.284, 0.90103054, 0.44884363)

[node name="ButtTarget" parent="LeanAndRotationPoint/IKCharacterMesh/Targets" index="3"]
transform = Transform3D(1.0000004, -6.837967e-08, 5.3890687e-08, 8.336655e-08, 0.573605, -0.8191317, 2.510001e-08, 0.81913203, 0.57360476, 2.7699734e-08, 0.98623186, -0.35969338)

[node name="LeftLegTarget" parent="LeanAndRotationPoint/IKCharacterMesh/Targets" index="4"]
transform = Transform3D(-0.99823433, 0.0361291, -0.047162842, -0.059410904, -0.6070496, 0.7924392, -5.960469e-08, 0.7938412, 0.60812396, 0.2375038, 0.39871255, -0.17106614)

[node name="RightLegTarget" parent="LeanAndRotationPoint/IKCharacterMesh/Targets" index="5"]
transform = Transform3D(-0.99822485, 0.036801644, -0.04680975, -0.059539665, -0.60723305, 0.7922896, 0.0007331291, 0.793671, 0.60834664, -0.238, 0.399, -0.171)

[node name="CrashCamPosition" type="SpringArm3D" parent="LeanAndRotationPoint/IKCharacterMesh"]
unique_name_in_owner = true
transform = Transform3D(0.99999994, 2.0736334e-07, 9.599724e-08, 1.4939812e-07, -0.9111905, 0.41198504, 1.7290242e-07, -0.41198495, -0.9111905, 4.8273824e-07, 2.942359, -3.3534045)
spring_length = 1.5

[node name="CrashingCamera" type="Camera3D" parent="LeanAndRotationPoint/IKCharacterMesh/CrashCamPosition"]
unique_name_in_owner = true
fov = 70.0

[node name="RidingCamPosition" type="SpringArm3D" parent="."]
unique_name_in_owner = true
transform = Transform3D(0.9919055, 0.011276588, -0.12647632, -9.313226e-10, 0.9960488, 0.08880738, 0.12697804, -0.08808853, 0.9879863, -0.14068353, 1.6460282, 1.3987733)
spring_length = 1.5

[node name="RidingCamera" type="Camera3D" parent="RidingCamPosition"]
unique_name_in_owner = true
fov = 70.0

[node name="AnimationPlayer" type="AnimationPlayer" parent="."]
unique_name_in_owner = true
libraries = {
&"dirt_bike": ExtResource("6_x2eqs"),
&"sport_bike": ExtResource("5_voh27")
}

[node name="LeanAnimationPlayer" type="AnimationPlayer" parent="."]
unique_name_in_owner = true
libraries = {
&"": SubResource("AnimationLibrary_lean")
}

[node name="FunctionalityComponents" type="Node" parent="."]
unique_name_in_owner = true

[node name="BikeAnimation" type="Node" parent="FunctionalityComponents"]
unique_name_in_owner = true
script = ExtResource("6_voh27")

[node name="BikeInput" type="Node" parent="FunctionalityComponents"]
unique_name_in_owner = true
script = ExtResource("13_input")

[node name="BikePhysics" type="Node" parent="FunctionalityComponents"]
unique_name_in_owner = true
script = ExtResource("8_physics")

[node name="BikeGearing" type="Node" parent="FunctionalityComponents"]
unique_name_in_owner = true
script = ExtResource("5_gearing")

[node name="BikeTricks" type="Node" parent="FunctionalityComponents"]
unique_name_in_owner = true
script = ExtResource("7_tricks")

[node name="BikeCrash" type="Node" parent="FunctionalityComponents"]
unique_name_in_owner = true
script = ExtResource("9_crash")

[node name="BikeAudio" type="Node" parent="FunctionalityComponents"]
unique_name_in_owner = true
script = ExtResource("10_audio")

[node name="BikeUI" type="Node" parent="FunctionalityComponents"]
unique_name_in_owner = true
script = ExtResource("11_ui")

[node name="Sounds" type="Node" parent="."]

[node name="EngineSound" type="AudioStreamPlayer" parent="Sounds"]
unique_name_in_owner = true
stream = ExtResource("10_t042m")
volume_db = -25.0
pitch_scale = 0.49

[node name="TireScreechSound" type="AudioStreamPlayer" parent="Sounds"]
unique_name_in_owner = true
stream = ExtResource("11_pgn4o")
volume_db = -15.0
pitch_scale = 0.9

[node name="EngineGrindSound" type="AudioStreamPlayer" parent="Sounds"]
unique_name_in_owner = true
stream = ExtResource("12_pgn4o")
volume_db = -10.0

[node name="ExhaustPopsSound" type="AudioStreamPlayer" parent="Sounds"]
unique_name_in_owner = true
stream = ExtResource("12_nkid5")
volume_db = 2.5

[node name="NOSSound" type="AudioStreamPlayer" parent="Sounds"]
unique_name_in_owner = true
stream = ExtResource("17_fm7or")
volume_db = -20.0

[node name="BikeMarkers" type="Node3D" parent="."]

[node name="RearWheelMarker" type="Marker3D" parent="BikeMarkers"]
unique_name_in_owner = true
transform = Transform3D(1, 0, 0, 0, 1, 0, 0, 0, 1, 0, 0, 0.68403995)

[node name="FrontWheelMarker" type="Marker3D" parent="BikeMarkers"]
unique_name_in_owner = true
transform = Transform3D(1, 0, 0, 0, 1, 0, 0, 0, 1, 0, 0, -0.7181249)

[node name="OriginMarker" type="Marker3D" parent="BikeMarkers"]
unique_name_in_owner = true

[node name="SpeedLinesEffect" type="ColorRect" parent="."]
unique_name_in_owner = true
visible = false
material = ExtResource("14_speedlines")
anchors_preset = 15
anchor_right = 1.0
anchor_bottom = 1.0
grow_horizontal = 2
grow_vertical = 2
size_flags_horizontal = 3
size_flags_vertical = 3
mouse_filter = 2
color = Color(0, 0, 0, 1)

[node name="MotoUI" type="MarginContainer" parent="."]
anchors_preset = 15
anchor_right = 1.0
anchor_bottom = 1.0
grow_horizontal = 2
grow_vertical = 2
theme_override_constants/margin_left = 64
theme_override_constants/margin_top = 64
theme_override_constants/margin_right = 64
theme_override_constants/margin_bottom = 64

[node name="VBoxContainer" type="VBoxContainer" parent="MotoUI"]
layout_mode = 2
size_flags_horizontal = 8
size_flags_vertical = 4

[node name="GearLabel" type="Label" parent="MotoUI/VBoxContainer"]
unique_name_in_owner = true
layout_mode = 2
size_flags_horizontal = 8
theme_override_font_sizes/font_size = 24
text = "Gear:"

[node name="SpeedLabel" type="Label" parent="MotoUI/VBoxContainer"]
unique_name_in_owner = true
layout_mode = 2
size_flags_horizontal = 8
theme_override_font_sizes/font_size = 24
text = "Speed:"

[node name="HBoxContainer" type="HBoxContainer" parent="MotoUI/VBoxContainer"]
layout_mode = 2
alignment = 2

[node name="Label" type="Label" parent="MotoUI/VBoxContainer/HBoxContainer"]
layout_mode = 2
theme_override_font_sizes/font_size = 24
text = "Throttle"

[node name="ThrottleBar" type="ProgressBar" parent="MotoUI/VBoxContainer/HBoxContainer"]
unique_name_in_owner = true
custom_minimum_size = Vector2(100, 12)
layout_mode = 2
size_flags_horizontal = 8
size_flags_vertical = 1
max_value = 1.0
show_percentage = false

[node name="HBoxContainer2" type="HBoxContainer" parent="MotoUI/VBoxContainer"]
layout_mode = 2
alignment = 2

[node name="Label2" type="Label" parent="MotoUI/VBoxContainer/HBoxContainer2"]
layout_mode = 2
theme_override_font_sizes/font_size = 24
text = "RPM"

[node name="RPMBar" type="ProgressBar" parent="MotoUI/VBoxContainer/HBoxContainer2"]
unique_name_in_owner = true
custom_minimum_size = Vector2(100, 12)
layout_mode = 2
size_flags_horizontal = 8
size_flags_vertical = 1
max_value = 1.0
show_percentage = false

[node name="HBoxContainer3" type="HBoxContainer" parent="MotoUI/VBoxContainer"]
layout_mode = 2
alignment = 2

[node name="Label3" type="Label" parent="MotoUI/VBoxContainer/HBoxContainer3"]
layout_mode = 2
theme_override_font_sizes/font_size = 24
text = "BrakeDanger"

[node name="BrakeDangerBar" type="ProgressBar" parent="MotoUI/VBoxContainer/HBoxContainer3"]
unique_name_in_owner = true
custom_minimum_size = Vector2(100, 12)
layout_mode = 2
size_flags_horizontal = 8
size_flags_vertical = 1
max_value = 1.0
show_percentage = false

[node name="HBoxContainer4" type="HBoxContainer" parent="MotoUI/VBoxContainer"]
layout_mode = 2
alignment = 2

[node name="Label4" type="Label" parent="MotoUI/VBoxContainer/HBoxContainer4"]
layout_mode = 2
theme_override_font_sizes/font_size = 24
text = "Clutch"

[node name="ClutchBar" type="ProgressBar" parent="MotoUI/VBoxContainer/HBoxContainer4"]
unique_name_in_owner = true
custom_minimum_size = Vector2(100, 12)
layout_mode = 2
size_flags_horizontal = 8
size_flags_vertical = 1
max_value = 1.0
show_percentage = false

[node name="DifficultyLabel" type="Label" parent="MotoUI/VBoxContainer"]
unique_name_in_owner = true
layout_mode = 2
size_flags_horizontal = 8
theme_override_font_sizes/font_size = 24
text = "Easy"

[node name="BoostLabel" type="Label" parent="MotoUI/VBoxContainer"]
unique_name_in_owner = true
layout_mode = 2
size_flags_horizontal = 8
theme_override_font_sizes/font_size = 24
text = "Boost: 2"

[node name="VBoxContainer2" type="VBoxContainer" parent="MotoUI"]
layout_mode = 2
size_flags_horizontal = 4
size_flags_vertical = 0

[node name="ScoreLabel" type="Label" parent="MotoUI/VBoxContainer2"]
unique_name_in_owner = true
layout_mode = 2
size_flags_horizontal = 8
theme_override_colors/font_color = Color(1, 0.85, 0.2, 1)
theme_override_font_sizes/font_size = 28
text = "Score: 0"

[node name="BoostToast" type="Label" parent="MotoUI/VBoxContainer2"]
unique_name_in_owner = true
layout_mode = 2
theme_override_colors/font_color = Color(0.2, 1, 0.4, 1)
theme_override_font_sizes/font_size = 24
text = "+1 Boost!"
horizontal_alignment = 1
vertical_alignment = 1

[node name="TrickLabel" type="Label" parent="MotoUI/VBoxContainer2"]
unique_name_in_owner = true
layout_mode = 2
size_flags_horizontal = 8
theme_override_colors/font_color = Color(0.4, 1, 0.6, 1)
theme_override_font_sizes/font_size = 24
text = "Trick Name +100"

[node name="ComboLabel" type="Label" parent="MotoUI/VBoxContainer2"]
unique_name_in_owner = true
layout_mode = 2
size_flags_horizontal = 8
theme_override_colors/font_color = Color(1, 0.5, 0.2, 1)
theme_override_font_sizes/font_size = 20
text = "x1.00 (0)"

[node name="TrickFeedLabel" type="Label" parent="MotoUI/VBoxContainer2"]
unique_name_in_owner = true
layout_mode = 2
size_flags_horizontal = 8
theme_override_colors/font_color = Color(0.8, 0.9, 1, 1)
theme_override_font_sizes/font_size = 18

[node name="RespawnLabel" type="Label" parent="MotoUI"]
unique_name_in_owner = true
layout_mode = 2
size_flags_horizontal = 4
theme_override_font_sizes/font_size = 24
text = "Press Start to Respawn"

[editable path="LeanAndRotationPoint/BikeMesh"]
[editable path="LeanAndRotationPoint/IKCharacterMesh"]
[editable path="LeanAndRotationPoint/IKCharacterMesh/MixamoRacer"]
