[gd_scene load_steps=30 format=3 uid="uid://bmqevs0vheol7"]

[ext_resource type="Script" uid="uid://c331s8cm2gjtp" path="res://scenes/bike/player_controller.gd" id="1_5uol1"]
[ext_resource type="PackedScene" uid="uid://bkehfbgcj2elg" path="res://assets/bikes/GoogleMotorcycleSportbike.glb" id="1_ujl86"]
[ext_resource type="PackedScene" uid="uid://gobjlpuvfmm8" path="res://scenes/character/ik_char_mesh.tscn" id="2_wi4rf"]
[ext_resource type="Material" uid="uid://bfxhki5bfmyn1" path="res://assets/materials/tail_light_material.tres" id="3_n1tms"]
[ext_resource type="Script" uid="uid://l500tpp42su8" path="res://scenes/bike/components/bike_gearing.gd" id="5_gearing"]
[ext_resource type="PackedScene" uid="uid://bn73ermusily2" path="res://scenes/bike/mods/training_wheels_mod.tscn" id="5_voh27"]
[ext_resource type="Script" uid="uid://jx4j084pg5ad" path="res://scenes/bike/components/bike_animation.gd" id="6_voh27"]
[ext_resource type="Script" uid="uid://bpqhimqk1dt2d" path="res://scenes/bike/components/bike_tricks.gd" id="7_tricks"]
[ext_resource type="Script" uid="uid://cgy5mk1x6lanu" path="res://scenes/bike/components/bike_physics.gd" id="8_physics"]
[ext_resource type="Script" uid="uid://bbk0xwdxhsifa" path="res://scenes/bike/components/bike_crash.gd" id="9_crash"]
[ext_resource type="Script" uid="uid://b662mtkdepm0j" path="res://scenes/bike/components/bike_audio.gd" id="10_audio"]
[ext_resource type="AudioStream" uid="uid://dn6ey2jxm33vt" path="res://assets/sounds/motorcycle-stable-rpm.ogg" id="10_t042m"]
[ext_resource type="AudioStream" uid="uid://c61khm016rfjr" path="res://assets/sounds/tire-screech-short.ogg" id="11_pgn4o"]
[ext_resource type="Script" uid="uid://pc1xy500s1vu" path="res://scenes/bike/components/bike_ui.gd" id="11_ui"]
[ext_resource type="AudioStream" uid="uid://fghbqufnqde0" path="res://assets/sounds/exhaust-pops.ogg" id="12_nkid5"]
[ext_resource type="AudioStream" uid="uid://tkuif41xejv4" path="res://assets/sounds/grinding-gear.ogg" id="12_pgn4o"]
[ext_resource type="Script" uid="uid://deoncd44247pm" path="res://scenes/bike/components/bike_input.gd" id="13_input"]
[ext_resource type="Material" uid="uid://dddd4ebearn7x" path="res://assets/materials/speed_lines_material.tres" id="14_speedlines"]
[ext_resource type="AudioStream" uid="uid://7duowi0k1kbh" path="res://assets/sounds/nos-sfx.mp3" id="17_fm7or"]

[sub_resource type="CapsuleShape3D" id="CapsuleShape3D_nkid5"]
radius = 0.35
height = 2.3

[sub_resource type="BoxMesh" id="BoxMesh_sdhfr"]
size = Vector3(0.3, 0.055, 0.05)

[sub_resource type="Animation" id="Animation_262bm"]
length = 0.001
tracks/0/type = "value"
tracks/0/imported = false
tracks/0/enabled = true
tracks/0/path = NodePath("LeanAndRotationPoint/IKCharacterMesh/Targets/ButtTarget:position")
tracks/0/interp = 1
tracks/0/loop_wrap = true
tracks/0/keys = {
"times": PackedFloat32Array(0),
"transitions": PackedFloat32Array(1),
"update": 0,
"values": [Vector3(2.769973e-08, 0.98623186, -0.35969338)]
}
tracks/1/type = "value"
tracks/1/imported = false
tracks/1/enabled = true
tracks/1/path = NodePath("LeanAndRotationPoint/IKCharacterMesh/Targets/HeadTarget:rotation")
tracks/1/interp = 1
tracks/1/loop_wrap = true
tracks/1/keys = {
"times": PackedFloat32Array(0),
"transitions": PackedFloat32Array(1),
"update": 0,
"values": [Vector3(0.43134058, 1.4476901e-08, 7.8451706e-08)]
}
tracks/2/type = "value"
tracks/2/imported = false
tracks/2/enabled = true
tracks/2/path = NodePath("LeanAndRotationPoint/IKCharacterMesh/Targets/LeftArmTarget:position")
tracks/2/interp = 1
tracks/2/loop_wrap = true
tracks/2/keys = {
"times": PackedFloat32Array(0),
"transitions": PackedFloat32Array(1),
"update": 0,
"values": [Vector3(0.284, 0.9407963, 0.42305174)]
}
tracks/3/type = "value"
tracks/3/imported = false
tracks/3/enabled = true
tracks/3/path = NodePath("LeanAndRotationPoint/IKCharacterMesh/Targets/RightArmTarget:position")
tracks/3/interp = 1
tracks/3/loop_wrap = true
tracks/3/keys = {
"times": PackedFloat32Array(0),
"transitions": PackedFloat32Array(1),
"update": 0,
"values": [Vector3(-0.284, 0.90103054, 0.44884363)]
}
tracks/4/type = "value"
tracks/4/imported = false
tracks/4/enabled = true
tracks/4/path = NodePath("LeanAndRotationPoint/IKCharacterMesh/Targets/LeftArmTarget:rotation")
tracks/4/interp = 1
tracks/4/loop_wrap = true
tracks/4/keys = {
"times": PackedFloat32Array(0),
"transitions": PackedFloat32Array(1),
"update": 0,
"values": [Vector3(-0.5337216, 1.0176142, -1.1505777e-07)]
}
tracks/5/type = "value"
tracks/5/imported = false
tracks/5/enabled = true
tracks/5/path = NodePath("LeanAndRotationPoint/IKCharacterMesh/Targets/RightArmTarget:rotation")
tracks/5/interp = 1
tracks/5/loop_wrap = true
tracks/5/keys = {
"times": PackedFloat32Array(0),
"transitions": PackedFloat32Array(1),
"update": 0,
"values": [Vector3(1.1478428, 2.5467584, 2.9892645)]
}
tracks/6/type = "value"
tracks/6/imported = false
tracks/6/enabled = true
tracks/6/path = NodePath("LeanAndRotationPoint/IKCharacterMesh/Targets/HeadTarget:position")
tracks/6/interp = 1
tracks/6/loop_wrap = true
tracks/6/keys = {
"times": PackedFloat32Array(0),
"transitions": PackedFloat32Array(1),
"update": 0,
"values": [Vector3(-1.3219673e-07, 1.452965, 0.39370275)]
}
tracks/7/type = "value"
tracks/7/imported = false
tracks/7/enabled = true
tracks/7/path = NodePath("LeanAndRotationPoint/IKCharacterMesh/Targets/LeftLegTarget:position")
tracks/7/interp = 1
tracks/7/loop_wrap = true
tracks/7/keys = {
"times": PackedFloat32Array(0),
"transitions": PackedFloat32Array(1),
"update": 0,
"values": [Vector3(0.2375038, 0.39871255, -0.17106614)]
}
tracks/8/type = "value"
tracks/8/imported = false
tracks/8/enabled = true
tracks/8/path = NodePath("LeanAndRotationPoint/IKCharacterMesh/Targets/RightLegTarget:position")
tracks/8/interp = 1
tracks/8/loop_wrap = true
tracks/8/keys = {
"times": PackedFloat32Array(0),
"transitions": PackedFloat32Array(1),
"update": 0,
"values": [Vector3(-0.238, 0.399, -0.171)]
}
tracks/9/type = "value"
tracks/9/imported = false
tracks/9/enabled = true
tracks/9/path = NodePath("LeanAndRotationPoint/IKCharacterMesh/Targets/ButtTarget:rotation")
tracks/9/interp = 1
tracks/9/loop_wrap = true
tracks/9/keys = {
"times": PackedFloat32Array(0),
"transitions": PackedFloat32Array(1),
"update": 0,
"values": [Vector3(0.9598962, 9.39509e-08, 1.4533786e-07)]
}
tracks/10/type = "value"
tracks/10/imported = false
tracks/10/enabled = true
tracks/10/path = NodePath("LeanAndRotationPoint/IKCharacterMesh/Targets/LeftLegTarget:rotation")
tracks/10/interp = 1
tracks/10/loop_wrap = true
tracks/10/keys = {
"times": PackedFloat32Array(0),
"transitions": PackedFloat32Array(1),
"update": 0,
"values": [Vector3(-0.9147984, -0.07739972, -3.0440352)]
}
tracks/11/type = "value"
tracks/11/imported = false
tracks/11/enabled = true
tracks/11/path = NodePath("LeanAndRotationPoint/IKCharacterMesh/Targets/RightLegTarget:rotation")
tracks/11/interp = 1
tracks/11/loop_wrap = true
tracks/11/keys = {
"times": PackedFloat32Array(0),
"transitions": PackedFloat32Array(1),
"update": 0,
"values": [Vector3(-0.9145527, -0.07679453, -3.0438542)]
}
tracks/12/type = "value"
tracks/12/imported = false
tracks/12/enabled = true
tracks/12/path = NodePath("LeanAndRotationPoint/IKCharacterMesh/MixamoRacer/Skeleton3D/LeftLegIK:magnet")
tracks/12/interp = 1
tracks/12/loop_wrap = true
tracks/12/keys = {
"times": PackedFloat32Array(0),
"transitions": PackedFloat32Array(1),
"update": 0,
"values": [Vector3(1, 0, 1)]
}
tracks/13/type = "value"
tracks/13/imported = false
tracks/13/enabled = true
tracks/13/path = NodePath("LeanAndRotationPoint/IKCharacterMesh/MixamoRacer/Skeleton3D/RightLegIK:magnet")
tracks/13/interp = 1
tracks/13/loop_wrap = true
tracks/13/keys = {
"times": PackedFloat32Array(0),
"transitions": PackedFloat32Array(1),
"update": 0,
"values": [Vector3(-1, 0, 1)]
}

[sub_resource type="Animation" id="Animation_v7ldm"]
resource_name = "heel_clicker"
tracks/0/type = "value"
tracks/0/imported = false
tracks/0/enabled = true
tracks/0/path = NodePath("LeanAndRotationPoint/IKCharacterMesh/Targets/HeadTarget:position")
tracks/0/interp = 1
tracks/0/loop_wrap = true
tracks/0/keys = {
"times": PackedFloat32Array(0),
"transitions": PackedFloat32Array(1),
"update": 0,
"values": [Vector3(-1.3219673e-07, 1.452965, 0.39370275)]
}
tracks/1/type = "value"
tracks/1/imported = false
tracks/1/enabled = true
tracks/1/path = NodePath("LeanAndRotationPoint/IKCharacterMesh/Targets/LeftArmTarget:position")
tracks/1/interp = 1
tracks/1/loop_wrap = true
tracks/1/keys = {
"times": PackedFloat32Array(0),
"transitions": PackedFloat32Array(1),
"update": 0,
"values": [Vector3(0.284, 0.9407963, 0.42305174)]
}
tracks/2/type = "value"
tracks/2/imported = false
tracks/2/enabled = true
tracks/2/path = NodePath("LeanAndRotationPoint/IKCharacterMesh/Targets/RightArmTarget:position")
tracks/2/interp = 1
tracks/2/loop_wrap = true
tracks/2/keys = {
"times": PackedFloat32Array(0),
"transitions": PackedFloat32Array(1),
"update": 0,
"values": [Vector3(-0.284, 0.90103054, 0.44884363)]
}
tracks/3/type = "value"
tracks/3/imported = false
tracks/3/enabled = true
tracks/3/path = NodePath("LeanAndRotationPoint/IKCharacterMesh/Targets/ButtTarget:position")
tracks/3/interp = 1
tracks/3/loop_wrap = true
tracks/3/keys = {
"times": PackedFloat32Array(0, 0.2, 0.8000001, 1),
"transitions": PackedFloat32Array(1, 1, 1, 1),
"update": 0,
"values": [Vector3(2.769973e-08, 0.98623186, -0.35969338), Vector3(-9.252988e-09, 1.1298547, -0.1149666), Vector3(-9.252988e-09, 1.1298547, -0.1149666), Vector3(2.769973e-08, 0.98623186, -0.35969338)]
}
tracks/4/type = "value"
tracks/4/imported = false
tracks/4/enabled = true
tracks/4/path = NodePath("LeanAndRotationPoint/IKCharacterMesh/Targets/LeftLegTarget:position")
tracks/4/interp = 1
tracks/4/loop_wrap = true
tracks/4/keys = {
"times": PackedFloat32Array(0, 0.2, 0.4, 0.6, 0.8000001, 1),
"transitions": PackedFloat32Array(1, 1, 1, 1, 1, 1),
"update": 0,
"values": [Vector3(0.2375038, 0.39871255, -0.17106614), Vector3(0.39440286, 1.1783117, 0.46141785), Vector3(0.070909046, 1.4099017, 0.46141776), Vector3(0.39440286, 1.1783117, 0.46141785), Vector3(0.070909046, 1.4099017, 0.46141776), Vector3(0.2375038, 0.39871255, -0.17106614)]
}
tracks/5/type = "value"
tracks/5/imported = false
tracks/5/enabled = true
tracks/5/path = NodePath("LeanAndRotationPoint/IKCharacterMesh/Targets/RightLegTarget:position")
tracks/5/interp = 1
tracks/5/loop_wrap = true
tracks/5/keys = {
"times": PackedFloat32Array(0, 0.2, 0.4, 0.6, 0.8000001, 1),
"transitions": PackedFloat32Array(1, 1, 1, 1, 1, 1),
"update": 0,
"values": [Vector3(-0.238, 0.399, -0.171), Vector3(-0.394, 1.178, 0.461), Vector3(-0.071, 1.41, 0.461), Vector3(-0.394, 1.178, 0.461), Vector3(-0.071, 1.41, 0.461), Vector3(-0.238, 0.399, -0.171)]
}
tracks/6/type = "value"
tracks/6/imported = false
tracks/6/enabled = true
tracks/6/path = NodePath("LeanAndRotationPoint/IKCharacterMesh/Targets/HeadTarget:rotation")
tracks/6/interp = 1
tracks/6/loop_wrap = true
tracks/6/keys = {
"times": PackedFloat32Array(0),
"transitions": PackedFloat32Array(1),
"update": 0,
"values": [Vector3(0.43134058, 1.4476901e-08, 7.8451706e-08)]
}
tracks/7/type = "value"
tracks/7/imported = false
tracks/7/enabled = true
tracks/7/path = NodePath("LeanAndRotationPoint/IKCharacterMesh/Targets/LeftArmTarget:rotation")
tracks/7/interp = 1
tracks/7/loop_wrap = true
tracks/7/keys = {
"times": PackedFloat32Array(0),
"transitions": PackedFloat32Array(1),
"update": 0,
"values": [Vector3(-0.5337216, 1.0176142, -1.1505777e-07)]
}
tracks/8/type = "value"
tracks/8/imported = false
tracks/8/enabled = true
tracks/8/path = NodePath("LeanAndRotationPoint/IKCharacterMesh/Targets/RightArmTarget:rotation")
tracks/8/interp = 1
tracks/8/loop_wrap = true
tracks/8/keys = {
"times": PackedFloat32Array(0),
"transitions": PackedFloat32Array(1),
"update": 0,
"values": [Vector3(1.1478428, 2.5467584, 2.9892645)]
}
tracks/9/type = "value"
tracks/9/imported = false
tracks/9/enabled = true
tracks/9/path = NodePath("LeanAndRotationPoint/IKCharacterMesh/Targets/ButtTarget:rotation")
tracks/9/interp = 1
tracks/9/loop_wrap = true
tracks/9/keys = {
"times": PackedFloat32Array(0, 0.2, 0.8000001, 1),
"transitions": PackedFloat32Array(1, 1, 1, 1),
"update": 0,
"values": [Vector3(0.9598962, 9.39509e-08, 1.4533786e-07), Vector3(-0.38229692, 4.3889203e-10, -1.1179892e-07), Vector3(-0.38229692, 4.3889203e-10, -1.1179892e-07), Vector3(0.9598962, 9.39509e-08, 1.4533786e-07)]
}
tracks/10/type = "value"
tracks/10/imported = false
tracks/10/enabled = true
tracks/10/path = NodePath("LeanAndRotationPoint/IKCharacterMesh/Targets/LeftLegTarget:rotation")
tracks/10/interp = 1
tracks/10/loop_wrap = true
tracks/10/keys = {
"times": PackedFloat32Array(0),
"transitions": PackedFloat32Array(1),
"update": 0,
"values": [Vector3(-0.9147984, -0.07739972, -3.0440352)]
}
tracks/11/type = "value"
tracks/11/imported = false
tracks/11/enabled = true
tracks/11/path = NodePath("LeanAndRotationPoint/IKCharacterMesh/Targets/RightLegTarget:rotation")
tracks/11/interp = 1
tracks/11/loop_wrap = true
tracks/11/keys = {
"times": PackedFloat32Array(0),
"transitions": PackedFloat32Array(1),
"update": 0,
"values": [Vector3(-0.9145527, -0.07679453, -3.0438542)]
}
tracks/12/type = "value"
tracks/12/imported = false
tracks/12/enabled = true
tracks/12/path = NodePath("LeanAndRotationPoint/IKCharacterMesh/MixamoRacer/Skeleton3D/LeftLegIK:magnet")
tracks/12/interp = 1
tracks/12/loop_wrap = true
tracks/12/keys = {
"times": PackedFloat32Array(0),
"transitions": PackedFloat32Array(1),
"update": 0,
"values": [Vector3(1, 1, 1)]
}
tracks/13/type = "value"
tracks/13/imported = false
tracks/13/enabled = true
tracks/13/path = NodePath("LeanAndRotationPoint/IKCharacterMesh/MixamoRacer/Skeleton3D/RightLegIK:magnet")
tracks/13/interp = 1
tracks/13/loop_wrap = true
tracks/13/keys = {
"times": PackedFloat32Array(0),
"transitions": PackedFloat32Array(1),
"update": 0,
"values": [Vector3(-1, 1, 1)]
}

[sub_resource type="Animation" id="Animation_wi4rf"]
resource_name = "lean_left"
length = 0.4
tracks/0/type = "value"
tracks/0/imported = false
tracks/0/enabled = true
tracks/0/path = NodePath("LeanAndRotationPoint/IKCharacterMesh/Targets/ButtTarget:position")
tracks/0/interp = 1
tracks/0/loop_wrap = true
tracks/0/keys = {
"times": PackedFloat32Array(0, 0.4),
"transitions": PackedFloat32Array(1, 1),
"update": 0,
"values": [Vector3(2.769973e-08, 0.98623186, -0.35969338), Vector3(0.25, 0.986, -0.36)]
}

[sub_resource type="Animation" id="Animation_fm7or"]
resource_name = "lean_right"
length = 0.4
tracks/0/type = "value"
tracks/0/imported = false
tracks/0/enabled = true
tracks/0/path = NodePath("LeanAndRotationPoint/IKCharacterMesh/Targets/ButtTarget:position")
tracks/0/interp = 1
tracks/0/loop_wrap = true
tracks/0/keys = {
"times": PackedFloat32Array(0, 0.4),
"transitions": PackedFloat32Array(1, 1),
"update": 0,
"values": [Vector3(2.769973e-08, 0.98623186, -0.35969338), Vector3(-0.25, 0.986, -0.36)]
}

[sub_resource type="Animation" id="Animation_x2eqs"]
resource_name = "naruto_run_loop"
length = 0.4
loop_mode = 1
step = 0.01
tracks/0/type = "value"
tracks/0/imported = false
tracks/0/enabled = true
tracks/0/path = NodePath("LeanAndRotationPoint/IKCharacterMesh/Targets/LeftArmTarget:position")
tracks/0/interp = 1
tracks/0/loop_wrap = true
tracks/0/keys = {
"times": PackedFloat32Array(0, 0.1, 0.2, 0.3, 0.4),
"transitions": PackedFloat32Array(1, 1, 1, 1, 1),
"update": 0,
"values": [Vector3(0.389, 1.351, -0.572), Vector3(0.389, 1.1732985, -0.572), Vector3(0.389, 1.351, -0.572), Vector3(0.389, 1.1732985, -0.572), Vector3(0.389, 1.351, -0.572)]
}
tracks/1/type = "value"
tracks/1/imported = false
tracks/1/enabled = true
tracks/1/path = NodePath("LeanAndRotationPoint/IKCharacterMesh/Targets/RightArmTarget:position")
tracks/1/interp = 1
tracks/1/loop_wrap = true
tracks/1/keys = {
"times": PackedFloat32Array(0, 0.1, 0.2, 0.3, 0.4),
"transitions": PackedFloat32Array(1, 1, 1, 1, 1),
"update": 0,
"values": [Vector3(-0.389, 1.351, -0.572), Vector3(-0.389, 1.1732985, -0.572), Vector3(-0.389, 1.351, -0.572), Vector3(-0.389, 1.1732985, -0.572), Vector3(-0.389, 1.351, -0.572)]
}

[sub_resource type="Animation" id="Animation_f1dwp"]
resource_name = "naruto_run_start"
length = 0.25
step = 0.01
tracks/0/type = "value"
tracks/0/imported = false
tracks/0/enabled = true
tracks/0/path = NodePath("LeanAndRotationPoint/IKCharacterMesh/Targets/LeftArmTarget:position")
tracks/0/interp = 1
tracks/0/loop_wrap = true
tracks/0/keys = {
"times": PackedFloat32Array(0, 0.25),
"transitions": PackedFloat32Array(1, 1),
"update": 0,
"values": [Vector3(0.284, 0.9407963, 0.42305174), Vector3(0.389, 1.351, -0.572)]
}
tracks/1/type = "value"
tracks/1/imported = false
tracks/1/enabled = true
tracks/1/path = NodePath("LeanAndRotationPoint/IKCharacterMesh/Targets/RightArmTarget:position")
tracks/1/interp = 1
tracks/1/loop_wrap = true
tracks/1/keys = {
"times": PackedFloat32Array(0, 0.25),
"transitions": PackedFloat32Array(1, 1),
"update": 0,
"values": [Vector3(-0.284, 0.90103054, 0.44884363), Vector3(-0.389, 1.351, -0.572)]
}
tracks/2/type = "value"
tracks/2/imported = false
tracks/2/enabled = true
tracks/2/path = NodePath("LeanAndRotationPoint/IKCharacterMesh/Targets/LeftArmTarget:rotation")
tracks/2/interp = 1
tracks/2/loop_wrap = true
tracks/2/keys = {
"times": PackedFloat32Array(0, 0.25),
"transitions": PackedFloat32Array(1, 1),
"update": 0,
"values": [Vector3(-0.5337216, 1.0176142, -1.1505777e-07), Vector3(1.9355701, 1.017527, -0.6981317)]
}
tracks/3/type = "value"
tracks/3/imported = false
tracks/3/enabled = true
tracks/3/path = NodePath("LeanAndRotationPoint/IKCharacterMesh/Targets/RightArmTarget:rotation")
tracks/3/interp = 1
tracks/3/loop_wrap = true
tracks/3/keys = {
"times": PackedFloat32Array(0, 0.25),
"transitions": PackedFloat32Array(1, 1),
"update": 0,
"values": [Vector3(1.1478428, 2.5467584, 2.9892645), Vector3(-1.4119713, 2.5464354, 3.9200096)]
}

[sub_resource type="Animation" id="Animation_voh27"]
resource_name = "snap_neck"
length = 0.4
tracks/0/type = "value"
tracks/0/imported = false
tracks/0/enabled = true
tracks/0/path = NodePath("LeanAndRotationPoint/IKCharacterMesh/Targets/HeadTarget:rotation")
tracks/0/interp = 1
tracks/0/loop_wrap = true
tracks/0/keys = {
"times": PackedFloat32Array(0, 0.4),
"transitions": PackedFloat32Array(1, 1),
"update": 0,
"values": [Vector3(0.43134058, 1.4476901e-08, 7.8451706e-08), Vector3(-2.1031218, 6.2831855, 0)]
}

[sub_resource type="AnimationLibrary" id="AnimationLibrary_fm7or"]
_data = {
&"RESET": SubResource("Animation_262bm"),
&"heel_clicker": SubResource("Animation_v7ldm"),
&"lean_left": SubResource("Animation_wi4rf"),
&"lean_right": SubResource("Animation_fm7or"),
&"naruto_run_loop": SubResource("Animation_x2eqs"),
&"naruto_run_start": SubResource("Animation_f1dwp"),
&"snap_neck": SubResource("Animation_voh27")
}

[node name="PlayerController" type="CharacterBody3D"]
collision_mask = 3
script = ExtResource("1_5uol1")

[node name="CollisionShape3D" type="CollisionShape3D" parent="."]
unique_name_in_owner = true
transform = Transform3D(1, 0, 0, 0, -4.371139e-08, 1, 0, -1, -4.371139e-08, 0, 0.35, 0)
shape = SubResource("CapsuleShape3D_nkid5")

[node name="LeanAndRotationPoint" type="Node3D" parent="."]
unique_name_in_owner = true

[node name="BikeMesh" type="Node3D" parent="LeanAndRotationPoint"]
unique_name_in_owner = true

[node name="BikeItself" type="Node3D" parent="LeanAndRotationPoint/BikeMesh"]
unique_name_in_owner = true

[node name="GoogleMotorcycleSportbike" parent="LeanAndRotationPoint/BikeMesh/BikeItself" instance=ExtResource("1_ujl86")]
transform = Transform3D(0.018, 0, 0, 0, 0.018, 0, 0, 0, 0.018, 0, 0, 0)

[node name="TailLight" type="MeshInstance3D" parent="LeanAndRotationPoint/BikeMesh"]
unique_name_in_owner = true
transform = Transform3D(1, 0, 0, 0, 1, 0, 0, 0, 1, 0, 0.94790524, 0.958052)
mesh = SubResource("BoxMesh_sdhfr")
surface_material_override/0 = ExtResource("3_n1tms")

[node name="Mods" type="Node3D" parent="LeanAndRotationPoint/BikeMesh"]

[node name="TrainingWheels" type="Node3D" parent="LeanAndRotationPoint/BikeMesh/Mods"]
unique_name_in_owner = true
transform = Transform3D(1, 0, 0, 0, 1, 0, 0, 0, 1, 0, 0.07463604, 0.68403995)
visible = false

[node name="TrainingWheelsMod" parent="LeanAndRotationPoint/BikeMesh/Mods/TrainingWheels" instance=ExtResource("5_voh27")]
transform = Transform3D(1, 0, 0, 0, 1, 0, 0, 0, 1, 0.15, 0.335, 0.117)
is_left_wheel = false

[node name="TrainingWheelsMod2" parent="LeanAndRotationPoint/BikeMesh/Mods/TrainingWheels" instance=ExtResource("5_voh27")]
transform = Transform3D(-1, 0, -8.742278e-08, 0, 1, 0, 8.742278e-08, 0, -1, -0.15, 0.335, 0.117)

[node name="IKCharacterMesh" parent="LeanAndRotationPoint" instance=ExtResource("2_wi4rf")]
unique_name_in_owner = true
transform = Transform3D(-1, 0, -1.509958e-07, 0, 1, 0, 1.509958e-07, 0, -1, 0, 0, 0)
left_leg_magnet = Vector3(1, 0, 1)
right_leg_magnet = Vector3(-1, 0, 1)
max_bone_angular_velocity = 100.0

[node name="Skeleton3D" parent="LeanAndRotationPoint/IKCharacterMesh/MixamoRacer" index="0"]
bones/0/position = Vector3(2.769973e-08, 0.98623186, -0.35969338)
bones/0/rotation = Quaternion(0.4617332, 8.114451e-09, 4.2768587e-08, 0.88701886)
bones/8/position = Vector3(1.5199184e-06, 0.1310766, 5.6028366e-06)
bones/8/rotation = Quaternion(0.46174, -0.23288499, 0.40978566, 0.75142294)
bones/8/scale = Vector3(0.99952495, 0.999525, 0.99952507)
bones/9/position = Vector3(-1.5616417e-05, 0.27071893, 3.7550926e-06)
bones/9/rotation = Quaternion(-0.0023527467, 0.15604937, 0.0021566802, 0.9877441)
bones/9/scale = Vector3(0.99995863, 0.99995834, 0.99995863)
bones/10/position = Vector3(1.013279e-06, 0.25567788, 5.364418e-06)
bones/10/rotation = Quaternion(0.03195961, -0.2950585, 0.287866, 0.91052306)
bones/10/scale = Vector3(0.9999232, 0.9999287, 0.999921)
bones/32/position = Vector3(-5.9604645e-08, 0.13107663, -2.6226044e-06)
bones/32/rotation = Quaternion(0.4878232, 0.16656098, -0.51262414, 0.6866604)
bones/32/scale = Vector3(1.0001338, 1.0001336, 1.0001339)
bones/33/position = Vector3(6.3180923e-06, 0.2706902, 3.7252903e-07)
bones/33/rotation = Quaternion(-0.0014275142, -0.21821593, -0.00333457, 0.9758938)
bones/33/scale = Vector3(1.0000056, 1.0000056, 1.0000056)
bones/34/position = Vector3(1.7881393e-06, 0.25565445, -2.7418137e-06)
bones/34/rotation = Quaternion(-0.004041599, 0.17451538, -0.24058597, 0.95480174)
bones/34/scale = Vector3(0.99983805, 0.9997685, 0.9998116)

[node name="LeftArmIK" parent="LeanAndRotationPoint/IKCharacterMesh/MixamoRacer/Skeleton3D" index="1"]
target = Transform3D(-0.08169469, -0.027651627, -0.9962736, 0.98497635, -0.15483423, -0.0764709, -0.15214273, -0.9875532, 0.039885372, -0.95111763, 0.60892016, 0.40098357)
override_tip_basis = false
use_magnet = false

[node name="RightArmIK" parent="LeanAndRotationPoint/IKCharacterMesh/MixamoRacer/Skeleton3D" index="2"]
target = Transform3D(-0.04889248, 0.92596906, -0.37442094, -0.52059925, -0.3435467, -0.78163445, -0.85240024, 0.15670708, 0.49885568, 0.9806601, 0.12702164, 0.55838567)

[node name="LeftLegIK" parent="LeanAndRotationPoint/IKCharacterMesh/MixamoRacer/Skeleton3D" index="3"]
target = Transform3D(-0.9982336, 0.03612911, -0.047162842, -0.059410855, -0.60704976, 0.7924393, -6.939984e-08, 0.7938415, 0.60812396, 0.2375038, 0.39871255, -0.17106614)
magnet = Vector3(1, 0, 1)

[node name="RightLegIK" parent="LeanAndRotationPoint/IKCharacterMesh/MixamoRacer/Skeleton3D" index="4"]
target = Transform3D(-0.9982256, 0.036801673, -0.046809737, -0.05953972, -0.60723305, 0.7922895, 0.0007331595, 0.7936708, 0.60834676, -0.238, 0.399, -0.171)
magnet = Vector3(-1, 0, 1)

[node name="HeadIK" parent="LeanAndRotationPoint/IKCharacterMesh/MixamoRacer/Skeleton3D" index="5"]
target = Transform3D(1, 1.274684e-08, 9.343069e-10, -1.274684e-08, 0.9893129, 0.14580679, 9.342784e-10, -0.14580679, 0.9893129, -1.8309903e-07, 1.7583534, 0.73081344)

[node name="Physical Bone mixamorig6_Hips" parent="LeanAndRotationPoint/IKCharacterMesh/MixamoRacer/Skeleton3D/PhysicalBoneSimulator3D" index="0"]
transform = Transform3D(1, 4.7091127e-08, 7.322846e-08, 8.3366594e-08, -0.7604025, -0.6494521, 2.509968e-08, 0.6494521, -0.7604025, 3.3634745e-08, 1.0196191, -0.3193464)
joint_offset = Transform3D(1, 0, 0, 0, 1, 0, 0, 0, 1, -9.731092e-09, -0.0008156798, 0.05236339)
body_offset = Transform3D(1, 2.7711167e-13, -1.9895197e-13, -2.2026825e-13, 0.09581643, -0.995399, -2.5579538e-13, 0.995399, 0.09581643, 9.731103e-09, 0.052200615, -0.004205346)

[node name="Physical Bone mixamorig6_Spine" parent="LeanAndRotationPoint/IKCharacterMesh/MixamoRacer/Skeleton3D/PhysicalBoneSimulator3D" index="1"]
transform = Transform3D(1, 5.0914167e-07, 4.768919e-07, 6.96871e-07, -0.76040286, -0.64945173, 3.1967033e-08, 0.64945173, -0.76040286, 3.07098e-08, 1.091981, -0.23586921)
joint_offset = Transform3D(1, 0, 0, 0, 1, 0, 0, 0, 1, -3.914931e-08, -5.9688164e-06, 0.059995703)
body_offset = Transform3D(1, 4.6205082e-07, 4.036633e-07, 4.036641e-07, -1.847744e-06, -1.0000001, -4.6205e-07, 1.0000001, -1.847744e-06, 1.4934002e-08, 0.05999571, 6.0796738e-06)

[node name="Physical Bone mixamorig6_Spine1" parent="LeanAndRotationPoint/IKCharacterMesh/MixamoRacer/Skeleton3D/PhysicalBoneSimulator3D" index="2"]
transform = Transform3D(1, 2.8551952e-07, 1.7008698e-07, 3.275731e-07, -0.76040244, -0.6494522, -5.6096738e-08, 0.6494522, -0.76040244, -1.2014138e-07, 1.1754812, -0.1258634)
joint_offset = Transform3D(1, 0, 0, 0, 1, 0, 0, 0, 1, 1.2054716e-07, -0.007955992, 0.07789427)
body_offset = Transform3D(1, 2.384287e-07, 9.6858315e-08, 9.6858614e-08, -1.2218952e-06, -1.0000001, -2.3842858e-07, 1.0000001, -1.2218952e-06, -1.2619492e-07, 0.07789427, 0.007956088)

[node name="Physical Bone mixamorig6_Head" parent="LeanAndRotationPoint/IKCharacterMesh/MixamoRacer/Skeleton3D/PhysicalBoneSimulator3D" index="3"]
transform = Transform3D(-1, -3.330687e-08, 3.4531365e-07, -1.2431319e-07, 0.9636828, -0.26704976, -3.2387823e-07, -0.26704976, -0.9636828, -6.3742185e-08, 1.3731999, 0.208221)
joint_offset = Transform3D(1, 0, 0, 0, 1, 0, 0, 0, 1, -1.8905357e-09, -0.003909491, 0.14452887)
body_offset = Transform3D(-1, 4.0329038e-08, 2.988622e-07, -2.6822607e-07, 0.3340242, -0.9425646, -1.3783995e-07, -0.9425646, -0.3340242, -4.4927088e-08, 0.13753366, 0.04459119)

[node name="Physical Bone mixamorig6_LeftShoulder" parent="LeanAndRotationPoint/IKCharacterMesh/MixamoRacer/Skeleton3D/PhysicalBoneSimulator3D" index="4"]
transform = Transform3D(-0.027117448, -0.2632446, -0.96434796, 0.75979567, -0.63232553, 0.15124479, -0.6495962, -0.728606, 0.21715918, 0.12509695, 1.300043, 0.0023280096)
joint_offset = Transform3D(1, 0, 0, 0, 1, 0, 0, 0, 1, -4.4639095e-05, -6.6453555e-05, 0.06553913)
body_offset = Transform3D(1, 5.7309866e-05, -1.4901161e-08, -1.4901161e-08, -1.731515e-05, -1, -5.7458878e-05, 1, -1.7404556e-05, 4.464388e-05, 0.06553913, 6.759167e-05)

[node name="Physical Bone mixamorig6_LeftArm" parent="LeanAndRotationPoint/IKCharacterMesh/MixamoRacer/Skeleton3D/PhysicalBoneSimulator3D" index="5"]
transform = Transform3D(0.17959218, -0.9764678, -0.11940417, -0.09901124, -0.13870317, 0.9853721, -0.97874594, -0.16514276, -0.121591285, 0.204461, 1.1568058, 0.004672326)
joint_offset = Transform3D(1, 0, 0, 0, 1, 0, 0, 0, 1, 5.066024e-05, -2.9503394e-06, 0.13531616)
body_offset = Transform3D(1.0004755, -7.969141e-05, -6.0498714e-05, -6.0468912e-05, -1.994893e-06, -1.0004754, 7.9751015e-05, 1.0004752, -2.0023435e-06, -4.249811e-05, 0.1353805, 3.2186508e-06)

[node name="Physical Bone mixamorig6_LeftHand" parent="LeanAndRotationPoint/IKCharacterMesh/MixamoRacer/Skeleton3D/PhysicalBoneSimulator3D" index="6"]
transform = Transform3D(0.92957324, 0.20892508, 0.3037168, 0.190802, -0.97762865, 0.088525675, 0.31541747, -0.024341326, -0.94864076, 0.2456675, 0.7701562, 0.07307408)
joint_offset = Transform3D(1, 0, 0, 0, 1, 0, 0, 0, 1, -1.520291e-05, -4.165573e-06, 0.02052074)
body_offset = Transform3D(-0.4666481, 0.6087431, 0.6425408, 3.1292439e-06, 0.7263696, -0.6881597, -0.8851158, -0.32093856, -0.33876246, -0.013189971, 0.014124572, 0.006936863)

[node name="Physical Bone mixamorig6_RightShoulder" parent="LeanAndRotationPoint/IKCharacterMesh/MixamoRacer/Skeleton3D/PhysicalBoneSimulator3D" index="7"]
transform = Transform3D(-0.025739858, 0.26336944, 0.96435165, -0.7597923, -0.6320665, 0.15234074, 0.64965624, -0.7287857, 0.21637537, -0.12515257, 1.2998427, 0.0026166744)
joint_offset = Transform3D(1, 0, 0, 0, 1, 0, 0, 0, 1, -0.0001204211, 4.8696354e-05, 0.06556064)
body_offset = Transform3D(1.0000002, 4.9471855e-06, 3.0249357e-06, 3.0994415e-06, -2.6524067e-06, -1.0000001, -4.917383e-06, 1.0000002, -2.7269125e-06, 0.00012022257, 0.06556065, -4.851818e-05)

[node name="Physical Bone mixamorig6_RightArm" parent="LeanAndRotationPoint/IKCharacterMesh/MixamoRacer/Skeleton3D/PhysicalBoneSimulator3D" index="8"]
transform = Transform3D(0.31963778, 0.9410596, -0.110628664, 0.22489804, 0.038070276, 0.97363836, 0.9204633, -0.33609176, -0.19947374, -0.17337433, 1.1581302, 0.0153685035)
joint_offset = Transform3D(1, 0, 0, 0, 1, 0, 0, 0, 1, -2.4882698e-05, 4.230279e-05, 0.13536662)
body_offset = Transform3D(0.99986655, -0.00020682812, -1.4066696e-05, -1.40964985e-05, -3.0770898e-06, -0.9998666, 0.00020679832, 0.99986637, -2.9355288e-06, 2.6792288e-05, 0.13534856, -4.1894615e-05)

[node name="Physical Bone mixamorig6_RightHand" parent="LeanAndRotationPoint/IKCharacterMesh/MixamoRacer/Skeleton3D/PhysicalBoneSimulator3D" index="9"]
transform = Transform3D(0.6438318, -0.1959072, -0.73966277, -0.24370937, -0.96882826, 0.044469714, -0.72531813, 0.15163173, -0.6715069, -0.11346677, 0.77681, 0.110021785)
joint_offset = Transform3D(1, 0, 0, 0, 1, 0, 0, 0, 1, 3.3080578e-05, -2.5816262e-06, 0.022141028)
body_offset = Transform3D(-0.48943838, -0.582976, -0.64856374, -2.5480986e-05, 0.7437893, -0.6685525, 0.8720869, -0.3271772, -0.36402956, 0.014374554, 0.014804363, 0.008030295)

[node name="Physical Bone mixamorig6_LeftUpLeg" parent="LeanAndRotationPoint/IKCharacterMesh/MixamoRacer/Skeleton3D/PhysicalBoneSimulator3D" index="10"]
transform = Transform3D(-0.9966369, 2.541151e-05, -0.081945285, -0.041672613, -0.86119443, 0.50656456, -0.07055795, 0.50827575, 0.85829914, 0.10825983, 0.851712, -0.5830785)
joint_offset = Transform3D(1, 0, 0, 0, 1, 0, 0, 0, 1, 6.21031e-06, 2.0631773e-05, 0.20453236)
body_offset = Transform3D(1.0000004, -2.5924295e-05, 2.3733824e-05, 2.3711473e-05, -5.8710575e-06, -1.0000001, 2.5916845e-05, 1.0000001, -5.8710575e-06, -1.1064112e-05, 0.20453238, -1.9431114e-05)

[node name="Physical Bone mixamorig6_LeftLeg" parent="LeanAndRotationPoint/IKCharacterMesh/MixamoRacer/Skeleton3D/PhysicalBoneSimulator3D" index="11"]
transform = Transform3D(-0.9979743, -0.0008433211, -0.063613616, -0.03234849, -0.8542773, 0.51881015, -0.054781187, 0.519817, 0.8525194, 0.13742247, 0.64698106, -0.9247899)
joint_offset = Transform3D(1, 0, 0, 0, 1, 0, 0, 0, 1, 2.0572732e-05, 1.687846e-05, 0.1949755)
body_offset = Transform3D(1.0000005, -1.5070662e-05, -1.7508864e-05, -1.752004e-05, 3.2484531e-06, -1.0000001, 1.5074387e-05, 1.0000004, 3.3080578e-06, -1.7158687e-05, 0.19497553, -1.7523766e-05)

[node name="Physical Bone mixamorig6_LeftFoot" parent="LeanAndRotationPoint/IKCharacterMesh/MixamoRacer/Skeleton3D/PhysicalBoneSimulator3D" index="12"]
transform = Transform3D(-0.98506004, 0.037463818, -0.16808671, -0.1696377, -0.042986136, 0.9845686, 0.029660294, 0.99837303, 0.0486992, 0.1660072, 0.45008367, -1.0957355)
joint_offset = Transform3D(1, 0, 0, 0, 1, 0, 0, 0, 1, -0.00014497525, 0.00018994533, 0.09732804)
body_offset = Transform3D(1.0000004, 0.00013190508, -0.000115830335, -0.00011601369, 0.000725653, -0.99999976, -0.00013186038, 0.99999976, 0.0007256605, 0.00015622377, 0.09732786, -0.0002605915)

[node name="Physical Bone mixamorig6_RightUpLeg" parent="LeanAndRotationPoint/IKCharacterMesh/MixamoRacer/Skeleton3D/PhysicalBoneSimulator3D" index="13"]
transform = Transform3D(-0.9966341, -1.663531e-05, 0.08197804, 0.04205598, -0.85848325, 0.5111143, 0.07036827, 0.5128416, 0.8555944, -0.10847326, 0.8527696, -0.5841316)
joint_offset = Transform3D(1, 0, 0, 0, 1, 0, 0, 0, 1, -0.00019746764, 0.00010092239, 0.20473014)
body_offset = Transform3D(1.0000001, 1.6488135e-05, -2.4039298e-05, -2.4043024e-05, 3.1888485e-06, -1.0000002, -1.6488135e-05, 1.0000001, 3.1292439e-06, 0.00020238757, 0.20473018, -0.000101566315)

[node name="Physical Bone mixamorig6_RightLeg" parent="LeanAndRotationPoint/IKCharacterMesh/MixamoRacer/Skeleton3D/PhysicalBoneSimulator3D" index="14"]
transform = Transform3D(-0.9979782, -2.7775744e-05, 0.063557245, 0.03259667, -0.85868925, 0.51145893, 0.05456171, 0.5124966, 0.8569541, -0.13740756, 0.6486151, -0.92581683)
joint_offset = Transform3D(1, 0, 0, 0, 1, 0, 0, 0, 1, -1.5756215e-05, -9.4471025e-06, 0.19499126)
body_offset = Transform3D(1.0000002, 2.1085143e-06, 3.693998e-05, 3.6943704e-05, -3.4868717e-06, -1.0000001, -2.1066517e-06, 1, -3.516674e-06, 8.5532665e-06, 0.19499129, 1.013279e-05)

[node name="Physical Bone mixamorig6_RightFoot" parent="LeanAndRotationPoint/IKCharacterMesh/MixamoRacer/Skeleton3D/PhysicalBoneSimulator3D" index="15"]
transform = Transform3D(-0.9852697, -0.03556301, 0.16726887, 0.16873759, -0.043333262, 0.984708, -0.027770875, 0.99842757, 0.048695765, -0.16630484, 0.45258197, -1.0970384)
joint_offset = Transform3D(1, 0, 0, 0, 1, 0, 0, 0, 1, -0.00012522457, -0.0006265705, 0.09781635)
body_offset = Transform3D(0.99999994, 0.0005024336, -0.00047395367, -0.00047705416, 0.00630207, -0.9999801, -0.00049938075, 0.99998015, 0.0063024424, 0.0001718998, 0.097818285, 1.001358e-05)

[node name="HeadTarget" parent="LeanAndRotationPoint/IKCharacterMesh/Targets" index="0"]
transform = Transform3D(1, -7.2399075e-08, 1.3150904e-08, 7.126601e-08, 0.9084061, -0.41808897, 1.8322893e-08, 0.41808897, 0.9084061, -1.3219673e-07, 1.452965, 0.39370275)

[node name="LeftArmTarget" parent="LeanAndRotationPoint/IKCharacterMesh/Targets" index="1"]
transform = Transform3D(0.5253975, -0.4328656, 0.73251957, -9.905552e-08, 0.86091954, 0.50874096, -0.850857, -0.26729116, 0.45232502, 0.284, 0.9407963, 0.42305174)

[node name="RightArmTarget" parent="LeanAndRotationPoint/IKCharacterMesh/Targets" index="2"]
transform = Transform3D(0.8961884, -0.37939778, 0.23000747, 0.062282406, -0.4057027, -0.9118803, 0.43928, 0.83154255, -0.33995613, -0.284, 0.90103054, 0.44884363)

[node name="ButtTarget" parent="LeanAndRotationPoint/IKCharacterMesh/Targets" index="3"]
transform = Transform3D(1, -6.837966e-08, 5.38907e-08, 8.336652e-08, 0.57360494, -0.8191319, 2.51e-08, 0.8191319, 0.57360494, 2.769973e-08, 0.98623186, -0.35969338)

[node name="LeftLegTarget" parent="LeanAndRotationPoint/IKCharacterMesh/Targets" index="4"]
transform = Transform3D(-0.99823374, 0.03612911, -0.04716285, -0.05941087, -0.60704976, 0.7924393, -5.960465e-08, 0.7938415, 0.608124, 0.2375038, 0.39871255, -0.17106614)

[node name="RightLegTarget" parent="LeanAndRotationPoint/IKCharacterMesh/Targets" index="5"]
transform = Transform3D(-0.99822557, 0.036801647, -0.04680975, -0.059539706, -0.6072331, 0.7922896, 0.0007331296, 0.79367113, 0.60834664, -0.238, 0.399, -0.171)

[node name="CrashCamPosition" type="SpringArm3D" parent="LeanAndRotationPoint/IKCharacterMesh"]
unique_name_in_owner = true
transform = Transform3D(0.99999994, 2.0736334e-07, 9.599724e-08, 1.4939812e-07, -0.9111905, 0.41198504, 1.7290242e-07, -0.41198495, -0.9111905, 4.8273824e-07, 2.942359, -3.3534045)
spring_length = 1.5

[node name="CrashingCamera" type="Camera3D" parent="LeanAndRotationPoint/IKCharacterMesh/CrashCamPosition"]
unique_name_in_owner = true
fov = 70.0

[node name="RidingCamPosition" type="SpringArm3D" parent="."]
unique_name_in_owner = true
transform = Transform3D(0.9919055, 0.011276588, -0.12647632, -9.313226e-10, 0.9960488, 0.08880738, 0.12697804, -0.08808853, 0.9879863, -0.14068353, 1.6460282, 1.3987733)
spring_length = 1.5

[node name="RidingCamera" type="Camera3D" parent="RidingCamPosition"]
unique_name_in_owner = true
fov = 70.0

[node name="AnimationPlayer" type="AnimationPlayer" parent="."]
unique_name_in_owner = true
libraries = {
&"": SubResource("AnimationLibrary_fm7or")
}

[node name="FunctionalityComponents" type="Node" parent="."]
unique_name_in_owner = true

[node name="BikeAnimation" type="Node" parent="FunctionalityComponents"]
unique_name_in_owner = true
script = ExtResource("6_voh27")

[node name="BikeInput" type="Node" parent="FunctionalityComponents"]
unique_name_in_owner = true
script = ExtResource("13_input")

[node name="BikePhysics" type="Node" parent="FunctionalityComponents"]
unique_name_in_owner = true
script = ExtResource("8_physics")

[node name="BikeGearing" type="Node" parent="FunctionalityComponents"]
unique_name_in_owner = true
script = ExtResource("5_gearing")

[node name="BikeTricks" type="Node" parent="FunctionalityComponents"]
unique_name_in_owner = true
script = ExtResource("7_tricks")

[node name="BikeCrash" type="Node" parent="FunctionalityComponents"]
unique_name_in_owner = true
script = ExtResource("9_crash")

[node name="BikeAudio" type="Node" parent="FunctionalityComponents"]
unique_name_in_owner = true
script = ExtResource("10_audio")

[node name="BikeUI" type="Node" parent="FunctionalityComponents"]
unique_name_in_owner = true
script = ExtResource("11_ui")

[node name="Sounds" type="Node" parent="."]

[node name="EngineSound" type="AudioStreamPlayer" parent="Sounds"]
unique_name_in_owner = true
stream = ExtResource("10_t042m")
volume_db = -25.0
pitch_scale = 0.49

[node name="TireScreechSound" type="AudioStreamPlayer" parent="Sounds"]
unique_name_in_owner = true
stream = ExtResource("11_pgn4o")
volume_db = -15.0
pitch_scale = 0.9

[node name="EngineGrindSound" type="AudioStreamPlayer" parent="Sounds"]
unique_name_in_owner = true
stream = ExtResource("12_pgn4o")
volume_db = -10.0

[node name="ExhaustPopsSound" type="AudioStreamPlayer" parent="Sounds"]
unique_name_in_owner = true
stream = ExtResource("12_nkid5")
volume_db = 2.5

[node name="NOSSound" type="AudioStreamPlayer" parent="Sounds"]
unique_name_in_owner = true
stream = ExtResource("17_fm7or")
volume_db = -20.0

[node name="BikeMarkers" type="Node3D" parent="."]

[node name="RearWheelMarker" type="Marker3D" parent="BikeMarkers"]
unique_name_in_owner = true
transform = Transform3D(1, 0, 0, 0, 1, 0, 0, 0, 1, 0, 0, 0.68403995)

[node name="FrontWheelMarker" type="Marker3D" parent="BikeMarkers"]
unique_name_in_owner = true
transform = Transform3D(1, 0, 0, 0, 1, 0, 0, 0, 1, 0, 0, -0.7181249)

[node name="OriginMarker" type="Marker3D" parent="BikeMarkers"]
unique_name_in_owner = true

[node name="SpeedLinesEffect" type="ColorRect" parent="."]
unique_name_in_owner = true
visible = false
material = ExtResource("14_speedlines")
anchors_preset = 15
anchor_right = 1.0
anchor_bottom = 1.0
grow_horizontal = 2
grow_vertical = 2
size_flags_horizontal = 3
size_flags_vertical = 3
mouse_filter = 2
color = Color(0, 0, 0, 1)

[node name="MotoUI" type="MarginContainer" parent="."]
anchors_preset = 15
anchor_right = 1.0
anchor_bottom = 1.0
grow_horizontal = 2
grow_vertical = 2
theme_override_constants/margin_left = 64
theme_override_constants/margin_top = 64
theme_override_constants/margin_right = 64
theme_override_constants/margin_bottom = 64

[node name="VBoxContainer" type="VBoxContainer" parent="MotoUI"]
layout_mode = 2
size_flags_horizontal = 8
size_flags_vertical = 4

[node name="GearLabel" type="Label" parent="MotoUI/VBoxContainer"]
unique_name_in_owner = true
layout_mode = 2
size_flags_horizontal = 8
theme_override_font_sizes/font_size = 24
text = "Gear:"

[node name="SpeedLabel" type="Label" parent="MotoUI/VBoxContainer"]
unique_name_in_owner = true
layout_mode = 2
size_flags_horizontal = 8
theme_override_font_sizes/font_size = 24
text = "Speed:"

[node name="HBoxContainer" type="HBoxContainer" parent="MotoUI/VBoxContainer"]
layout_mode = 2
alignment = 2

