[gd_scene load_steps=29 format=3 uid="uid://bmqevs0vheol7"]

[ext_resource type="Script" uid="uid://c331s8cm2gjtp" path="res://scenes/bike/player_controller.gd" id="1_5uol1"]
[ext_resource type="PackedScene" uid="uid://gobjlpuvfmm8" path="res://scenes/character/ik_char_mesh.tscn" id="2_wi4rf"]
[ext_resource type="Script" uid="uid://biy8pd4m0fncl" path="res://scenes/bike/components/bike_state.gd" id="2_x2eqs"]
[ext_resource type="Script" uid="uid://l500tpp42su8" path="res://scenes/bike/components/bike_gearing.gd" id="5_gearing"]
[ext_resource type="AnimationLibrary" uid="uid://d3c8x3281rwy5" path="res://scenes/bike/resources/sport_bike_anim_library.res" id="5_voh27"]
[ext_resource type="Material" uid="uid://bfxhki5bfmyn1" path="res://assets/materials/tail_light_material.tres" id="6_8fp08"]
[ext_resource type="Script" uid="uid://jx4j084pg5ad" path="res://scenes/bike/components/bike_animation.gd" id="6_voh27"]
[ext_resource type="AnimationLibrary" uid="uid://dp5mp2j5ojl2l" path="res://scenes/bike/resources/dirt_bike_anim_library.res" id="6_x2eqs"]
[ext_resource type="PackedScene" uid="uid://bn73ermusily2" path="res://scenes/bike/mods/training_wheels_mod.tscn" id="7_l0owt"]
[ext_resource type="Script" uid="uid://bpqhimqk1dt2d" path="res://scenes/bike/components/bike_tricks.gd" id="7_tricks"]
[ext_resource type="Script" uid="uid://cgy5mk1x6lanu" path="res://scenes/bike/components/bike_physics.gd" id="8_physics"]
[ext_resource type="Script" uid="uid://bbk0xwdxhsifa" path="res://scenes/bike/components/bike_crash.gd" id="9_crash"]
[ext_resource type="Script" uid="uid://b662mtkdepm0j" path="res://scenes/bike/components/bike_audio.gd" id="10_audio"]
[ext_resource type="AnimationLibrary" uid="uid://daju4350yik6q" path="res://scenes/bike/resources/pocket_bike_anim_library.res" id="10_l0owt"]
[ext_resource type="AudioStream" uid="uid://c61khm016rfjr" path="res://assets/sounds/tire-screech-short.ogg" id="11_pgn4o"]
[ext_resource type="Script" uid="uid://pc1xy500s1vu" path="res://scenes/bike/components/bike_ui.gd" id="11_ui"]
[ext_resource type="AudioStream" uid="uid://fghbqufnqde0" path="res://assets/sounds/exhaust-pops.ogg" id="12_nkid5"]
[ext_resource type="AudioStream" uid="uid://tkuif41xejv4" path="res://assets/sounds/grinding-gear.ogg" id="12_pgn4o"]
[ext_resource type="Script" uid="uid://deoncd44247pm" path="res://scenes/bike/components/bike_input.gd" id="13_input"]
[ext_resource type="Material" uid="uid://dddd4ebearn7x" path="res://assets/materials/speed_lines_material.tres" id="14_speedlines"]
[ext_resource type="AudioStream" uid="uid://7duowi0k1kbh" path="res://assets/sounds/nos-sfx.mp3" id="17_fm7or"]
[ext_resource type="Script" uid="uid://c1aqaxut0yc6j" path="res://scenes/bike/components/bike_camera.gd" id="17_kpend"]
[ext_resource type="AudioStream" uid="uid://dn6ey2jxm33vt" path="res://assets/sounds/motorcycle-stable-rpm.ogg" id="19_q0gqt"]

[sub_resource type="Resource" id="Resource_kpend"]
script = ExtResource("2_x2eqs")

[sub_resource type="CapsuleShape3D" id="CapsuleShape3D_nkid5"]
radius = 0.35
height = 2.3

[sub_resource type="BoxMesh" id="BoxMesh_u5kmf"]
size = Vector3(0.3, 0.055, 0.05)

[sub_resource type="Animation" id="Animation_kpend"]
length = 0.001
tracks/0/type = "value"
tracks/0/imported = false
tracks/0/enabled = true
tracks/0/path = NodePath("LeanAndRotationPoint/IKCharacterMesh/Targets/LeftLegTarget:position")
tracks/0/interp = 1
tracks/0/loop_wrap = true
tracks/0/keys = {
"times": PackedFloat32Array(0),
"transitions": PackedFloat32Array(1),
"update": 0,
"values": [Vector3(0.19855502, 0.28965372, -0.018588275)]
}
tracks/1/type = "value"
tracks/1/imported = false
tracks/1/enabled = true
tracks/1/path = NodePath("LeanAndRotationPoint/IKCharacterMesh/Targets/LeftLegTarget:rotation")
tracks/1/interp = 1
tracks/1/loop_wrap = true
tracks/1/keys = {
"times": PackedFloat32Array(0),
"transitions": PackedFloat32Array(1),
"update": 0,
"values": [Vector3(-0.9147987, -0.16730168, -3.0440352)]
}
tracks/2/type = "value"
tracks/2/imported = false
tracks/2/enabled = true
tracks/2/path = NodePath("LeanAndRotationPoint/IKCharacterMesh/Targets/RightLegTarget:position")
tracks/2/interp = 1
tracks/2/loop_wrap = true
tracks/2/keys = {
"times": PackedFloat32Array(0),
"transitions": PackedFloat32Array(1),
"update": 0,
"values": [Vector3(-0.199, 0.29, -0.019)]
}
tracks/3/type = "value"
tracks/3/imported = false
tracks/3/enabled = true
tracks/3/path = NodePath("LeanAndRotationPoint/IKCharacterMesh/Targets/RightLegTarget:rotation")
tracks/3/interp = 1
tracks/3/loop_wrap = true
tracks/3/keys = {
"times": PackedFloat32Array(0),
"transitions": PackedFloat32Array(1),
"update": 0,
"values": [Vector3(-0.914553, -0.20148091, -3.0438542)]
}
tracks/4/type = "value"
tracks/4/imported = false
tracks/4/enabled = true
tracks/4/path = NodePath("LeanAndRotationPoint/IKCharacterMesh/MixamoRacer/Skeleton3D/LeftArmIK:magnet")
tracks/4/interp = 1
tracks/4/loop_wrap = true
tracks/4/keys = {
"times": PackedFloat32Array(0),
"transitions": PackedFloat32Array(1),
"update": 0,
"values": [Vector3(0, 0, 0)]
}
tracks/5/type = "value"
tracks/5/imported = false
tracks/5/enabled = true
tracks/5/path = NodePath("LeanAndRotationPoint/IKCharacterMesh/MixamoRacer/Skeleton3D/RightArmIK:magnet")
tracks/5/interp = 1
tracks/5/loop_wrap = true
tracks/5/keys = {
"times": PackedFloat32Array(0),
"transitions": PackedFloat32Array(1),
"update": 0,
"values": [Vector3(0, 0, 0)]
}
tracks/6/type = "value"
tracks/6/imported = false
tracks/6/enabled = true
tracks/6/path = NodePath("LeanAndRotationPoint/IKCharacterMesh/MixamoRacer/Skeleton3D/LeftLegIK:magnet")
tracks/6/interp = 1
tracks/6/loop_wrap = true
tracks/6/keys = {
"times": PackedFloat32Array(0),
"transitions": PackedFloat32Array(1),
"update": 0,
"values": [Vector3(1, 0, 1)]
}
tracks/7/type = "value"
tracks/7/imported = false
tracks/7/enabled = true
tracks/7/path = NodePath("LeanAndRotationPoint/IKCharacterMesh/MixamoRacer/Skeleton3D/RightLegIK:magnet")
tracks/7/interp = 1
tracks/7/loop_wrap = true
tracks/7/keys = {
"times": PackedFloat32Array(0),
"transitions": PackedFloat32Array(1),
"update": 0,
"values": [Vector3(-1, 0, 1)]
}
tracks/8/type = "value"
tracks/8/imported = false
tracks/8/enabled = true
tracks/8/path = NodePath("LeanAndRotationPoint/IKCharacterMesh/MixamoRacer/Skeleton3D/HeadIK:magnet")
tracks/8/interp = 1
tracks/8/loop_wrap = true
tracks/8/keys = {
"times": PackedFloat32Array(0),
"transitions": PackedFloat32Array(1),
"update": 0,
"values": [Vector3(0, 0, 0)]
}
tracks/9/type = "value"
tracks/9/imported = false
tracks/9/enabled = true
tracks/9/path = NodePath("LeanAndRotationPoint/IKCharacterMesh/Targets/HeadTarget:position")
tracks/9/interp = 1
tracks/9/loop_wrap = true
tracks/9/keys = {
"times": PackedFloat32Array(0),
"transitions": PackedFloat32Array(1),
"update": 0,
"values": [Vector3(0, 1.7771792, 0)]
}
tracks/10/type = "value"
tracks/10/imported = false
tracks/10/enabled = true
tracks/10/path = NodePath("LeanAndRotationPoint/IKCharacterMesh/Targets/LeftArmTarget:position")
tracks/10/interp = 1
tracks/10/loop_wrap = true
tracks/10/keys = {
"times": PackedFloat32Array(0),
"transitions": PackedFloat32Array(1),
"update": 0,
"values": [Vector3(0.17065138, 0.54643035, 0.28627902)]
}
tracks/11/type = "value"
tracks/11/imported = false
tracks/11/enabled = true
tracks/11/path = NodePath("LeanAndRotationPoint/IKCharacterMesh/Targets/RightArmTarget:position")
tracks/11/interp = 1
tracks/11/loop_wrap = true
tracks/11/keys = {
"times": PackedFloat32Array(0),
"transitions": PackedFloat32Array(1),
"update": 0,
"values": [Vector3(-0.171, 0.546, 0.286)]
}
tracks/12/type = "value"
tracks/12/imported = false
tracks/12/enabled = true
tracks/12/path = NodePath("LeanAndRotationPoint/IKCharacterMesh/Targets/ButtTarget:position")
tracks/12/interp = 1
tracks/12/loop_wrap = true
tracks/12/keys = {
"times": PackedFloat32Array(0),
"transitions": PackedFloat32Array(1),
"update": 0,
"values": [Vector3(8.562988e-08, 0.64300925, -0.23276967)]
}
tracks/13/type = "value"
tracks/13/imported = false
tracks/13/enabled = true
tracks/13/path = NodePath("LeanAndRotationPoint/IKCharacterMesh/Targets/HeadTarget:rotation")
tracks/13/interp = 1
tracks/13/loop_wrap = true
tracks/13/keys = {
"times": PackedFloat32Array(0),
"transitions": PackedFloat32Array(1),
"update": 0,
"values": [Vector3(0.43134058, 1.4476901e-08, 7.8451706e-08)]
}
tracks/14/type = "value"
tracks/14/imported = false
tracks/14/enabled = true
tracks/14/path = NodePath("LeanAndRotationPoint/IKCharacterMesh/Targets/LeftArmTarget:rotation")
tracks/14/interp = 1
tracks/14/loop_wrap = true
tracks/14/keys = {
"times": PackedFloat32Array(0),
"transitions": PackedFloat32Array(1),
"update": 0,
"values": [Vector3(0.01221927, -0.01631153, 1.204422)]
}
tracks/15/type = "value"
tracks/15/imported = false
tracks/15/enabled = true
tracks/15/path = NodePath("LeanAndRotationPoint/IKCharacterMesh/Targets/RightArmTarget:rotation")
tracks/15/interp = 1
tracks/15/loop_wrap = true
tracks/15/keys = {
"times": PackedFloat32Array(0),
"transitions": PackedFloat32Array(1),
"update": 0,
"values": [Vector3(1.3383801, 1.5178877, 1.9168977)]
}
tracks/16/type = "value"
tracks/16/imported = false
tracks/16/enabled = true
tracks/16/path = NodePath("LeanAndRotationPoint/IKCharacterMesh/Targets/ButtTarget:rotation")
tracks/16/interp = 1
tracks/16/loop_wrap = true
tracks/16/keys = {
"times": PackedFloat32Array(0),
"transitions": PackedFloat32Array(1),
"update": 0,
"values": [Vector3(0.53303367, -0.06554695, 0.013797265)]
}
tracks/17/type = "value"
tracks/17/imported = false
tracks/17/enabled = true
tracks/17/path = NodePath("LeanAndRotationPoint/BikeMesh:rotation")
tracks/17/interp = 1
tracks/17/loop_wrap = true
tracks/17/keys = {
"times": PackedFloat32Array(0),
"transitions": PackedFloat32Array(1),
"update": 0,
"values": [Vector3(0, 0, 0)]
}

[sub_resource type="AnimationLibrary" id="AnimationLibrary_8fp08"]
_data = {
&"RESET": SubResource("Animation_kpend")
}

[node name="PlayerController" type="CharacterBody3D"]
collision_mask = 3
script = ExtResource("1_5uol1")
state = SubResource("Resource_kpend")

[node name="CollisionShape3D" type="CollisionShape3D" parent="."]
unique_name_in_owner = true
transform = Transform3D(1, 0, 0, 0, -4.371139e-08, 1, 0, -1, -4.371139e-08, 0, 0.35, 0)
shape = SubResource("CapsuleShape3D_nkid5")

[node name="LeanAndRotationPoint" type="Node3D" parent="."]
unique_name_in_owner = true
transform = Transform3D(0.99999994, 0, 0, 0, 0.99999994, 0, 0, 0, 1, 0, 0, 0)

[node name="IKCharacterMesh" parent="LeanAndRotationPoint" instance=ExtResource("2_wi4rf")]
unique_name_in_owner = true
transform = Transform3D(-0.99999994, 0, -1.5099579e-07, 0, 0.99999994, 0, 1.509958e-07, 0, -1, 0, 0, 0)
left_leg_magnet = Vector3(1, 0, 1)
right_leg_magnet = Vector3(-1, 0, 1)
max_bone_angular_velocity = 100.0

[node name="Skeleton3D" parent="LeanAndRotationPoint/IKCharacterMesh/MixamoRacer" index="0"]
bones/0/position = Vector3(2.7699734e-08, 0.98623186, -0.35969338)
bones/0/rotation = Quaternion(0.46173313, 9.4154835e-09, 4.207468e-08, 0.88701886)
bones/8/position = Vector3(1.5199184e-06, 0.1310766, 5.6028366e-06)
bones/8/scale = Vector3(0.99952495, 0.999525, 0.99952507)
bones/9/position = Vector3(-1.5616417e-05, 0.27071893, 3.7550926e-06)
bones/9/scale = Vector3(0.99995863, 0.99995834, 0.99995863)
bones/10/position = Vector3(1.013279e-06, 0.25567788, 5.364418e-06)
bones/10/scale = Vector3(0.9999232, 0.9999287, 0.999921)
bones/32/position = Vector3(-5.9604645e-08, 0.13107663, -2.6226044e-06)
bones/32/scale = Vector3(1.0001338, 1.0001336, 1.0001339)
bones/33/position = Vector3(6.3180923e-06, 0.2706902, 3.7252903e-07)
bones/33/scale = Vector3(1.0000056, 1.0000056, 1.0000056)
bones/34/position = Vector3(1.7881393e-06, 0.25565445, -2.7418137e-06)
bones/34/scale = Vector3(0.99983805, 0.9997685, 0.9998116)

[node name="LeftArmIK" parent="LeanAndRotationPoint/IKCharacterMesh/MixamoRacer/Skeleton3D" index="1"]
target = Transform3D(-0.08169469, -0.027651627, -0.9962736, 0.98497635, -0.15483423, -0.0764709, -0.15214273, -0.9875532, 0.039885372, -0.95111763, 0.60892016, 0.40098357)
override_tip_basis = false

[node name="RightArmIK" parent="LeanAndRotationPoint/IKCharacterMesh/MixamoRacer/Skeleton3D" index="2"]
target = Transform3D(-0.04889248, 0.92596906, -0.37442094, -0.52059925, -0.3435467, -0.78163445, -0.85240024, 0.15670708, 0.49885568, 0.9806601, 0.12702164, 0.55838567)

[node name="LeftLegIK" parent="LeanAndRotationPoint/IKCharacterMesh/MixamoRacer/Skeleton3D" index="3"]
target = Transform3D(-0.9982336, 0.03612911, -0.047162842, -0.059410855, -0.60704976, 0.7924393, -6.939984e-08, 0.7938415, 0.60812396, 0.2375038, 0.39871255, -0.17106614)
magnet = Vector3(1, 0, 1)

[node name="RightLegIK" parent="LeanAndRotationPoint/IKCharacterMesh/MixamoRacer/Skeleton3D" index="4"]
target = Transform3D(-0.9982256, 0.036801673, -0.046809737, -0.05953972, -0.60723305, 0.7922895, 0.0007331595, 0.7936708, 0.60834676, -0.238, 0.399, -0.171)
magnet = Vector3(-1, 0, 1)

[node name="HeadIK" parent="LeanAndRotationPoint/IKCharacterMesh/MixamoRacer/Skeleton3D" index="5"]
target = Transform3D(1, 1.274684e-08, 9.343069e-10, -1.274684e-08, 0.9893129, 0.14580679, 9.342784e-10, -0.14580679, 0.9893129, -1.8309903e-07, 1.7583534, 0.73081344)
use_magnet = true

[node name="Physical Bone mixamorig6_Hips" parent="LeanAndRotationPoint/IKCharacterMesh/MixamoRacer/Skeleton3D/PhysicalBoneSimulator3D" index="0"]
transform = Transform3D(1.0000001, 0.00021098914, -2.9430124e-05, 0.00014134098, -0.76047504, -0.6493674, -0.0001593903, 0.64936733, -0.7604749, 0.00030713298, 1.0202899, -0.31425896)
joint_offset = Transform3D(1, 0, 0, 0, 1, 0, 0, 0, 1, -0.00030467726, -0.003603378, 0.056667954)
body_offset = Transform3D(1.0000001, 0.00021094014, -2.9501087e-05, -4.955376e-05, 0.09570536, -0.9954097, -0.00020714843, 0.9954097, 0.09570545, 0.00030710912, 0.05675268, -0.0018366575)

[node name="Physical Bone mixamorig6_Spine" parent="LeanAndRotationPoint/IKCharacterMesh/MixamoRacer/Skeleton3D/PhysicalBoneSimulator3D" index="1"]
transform = Transform3D(0.9999999, 0.00057478267, -0.00047612403, 0.00012863443, -0.7610981, -0.64863694, -0.0007352023, 0.64863664, -0.76109785, 0.000700132, 1.0948172, -0.23206486)
joint_offset = Transform3D(1, 0, 0, 0, 1, 0, 0, 0, 1, -0.00066914724, -0.00025119385, 0.0647311)
body_offset = Transform3D(0.9999999, 0.0005747336, -0.00047619495, -0.00047557795, -0.0010732412, -0.9999994, -0.00057524437, 0.9999994, -0.0010728538, 0.00070011616, 0.064730465, 0.00032025576)

[node name="Physical Bone mixamorig6_Spine1" parent="LeanAndRotationPoint/IKCharacterMesh/MixamoRacer/Skeleton3D/PhysicalBoneSimulator3D" index="2"]
transform = Transform3D(1, 0.00040584657, -0.00034308748, 8.6229215e-05, -0.760949, -0.648812, -0.00052439, 0.6488118, -0.7609488, 0.00052224164, 1.1521168, -0.10558109)
joint_offset = Transform3D(1, 0, 0, 0, 1, 0, 0, 0, 1, -0.00047964996, -0.03882914, 0.07817581)
body_offset = Transform3D(1, 0.00040579753, -0.0003431584, -0.00034281617, -0.0008431971, -0.99999976, -0.00040608668, 0.9999998, -0.0008429289, 0.0005222334, 0.07814288, 0.038894832)

[node name="Physical Bone mixamorig6_Head" parent="LeanAndRotationPoint/IKCharacterMesh/MixamoRacer/Skeleton3D/PhysicalBoneSimulator3D" index="3"]
transform = Transform3D(-1.0000001, -3.5468922e-05, 5.3292908e-05, -4.8391514e-05, 0.9638175, -0.26656368, -4.190989e-05, -0.26656365, -0.96381736, 0.0015667883, 1.3678873, 0.20790453)
joint_offset = Transform3D(1, 0, 0, 0, 1, 0, 0, 0, 1, 0.0015743717, 0.0010537952, 0.1428056)
body_offset = Transform3D(-1.0000001, -3.5394503e-05, 5.3249343e-05, -6.202141e-05, 0.3344997, -0.94239604, 1.5543763e-05, -0.94239616, -0.3344996, 0.001566805, 0.13422704, 0.048761487)

[node name="Physical Bone mixamorig6_LeftShoulder" parent="LeanAndRotationPoint/IKCharacterMesh/MixamoRacer/Skeleton3D/PhysicalBoneSimulator3D" index="4"]
transform = Transform3D(-0.026885692, -0.2631319, -0.96438533, 0.75995773, -0.63212085, 0.15128718, -0.6494163, -0.72882444, 0.21696407, 0.1255771, 1.2792602, 0.004040349)
joint_offset = Transform3D(1, 0, 0, 0, 1, 0, 0, 0, 1, 0.016863896, -0.011837584, 0.068774834)
body_offset = Transform3D(1, 0.0003517568, 0.00016000867, 0.00015990436, 0.00010789931, -1.0000001, -0.00035202503, 1, 0.000107735395, -0.016870737, 0.06877342, 0.011836112)

[node name="Physical Bone mixamorig6_LeftArm" parent="LeanAndRotationPoint/IKCharacterMesh/MixamoRacer/Skeleton3D/PhysicalBoneSimulator3D" index="5"]
transform = Transform3D(-0.06721619, -0.045517333, -0.99669975, 0.76365703, -0.64524627, -0.022032931, -0.6421138, -0.7626175, 0.0781306, 0.3355389, 1.2863575, -0.026755223)
joint_offset = Transform3D(1, 0, 0, 0, 1, 0, 0, 0, 1, 0.0031991065, -0.007120331, 0.14782019)
body_offset = Transform3D(1.0004716, -0.0027270615, 0.0002503246, 0.00024687126, -0.0012594312, -1.0004743, 0.002727151, 1.0004708, -0.0012587905, -0.0032570362, 0.14788055, 0.0073010325)

[node name="Physical Bone mixamorig6_LeftHand" parent="LeanAndRotationPoint/IKCharacterMesh/MixamoRacer/Skeleton3D/PhysicalBoneSimulator3D" index="6"]
transform = Transform3D(0.06911051, 0.757996, -0.64858776, 0.13784897, 0.63664967, 0.7587326, 0.98803914, -0.14184353, -0.06048977, 0.7265887, 1.2601731, -0.023817746)
joint_offset = Transform3D(1, 0, 0, 0, 1, 0, 0, 0, 1, 0.0047661634, 0.0070360526, 0.029389823)
body_offset = Transform3D(-0.4662167, 0.6089707, 0.6426387, 0.0002678372, 0.7263892, -0.68813926, -0.88534325, -0.32046214, -0.33861944, -0.020949721, 0.015112102, 0.016426444)

[node name="Physical Bone mixamorig6_RightShoulder" parent="LeanAndRotationPoint/IKCharacterMesh/MixamoRacer/Skeleton3D/PhysicalBoneSimulator3D" index="7"]
transform = Transform3D(-0.026025973, 0.2633399, 0.96435213, -0.7593369, -0.6326325, 0.15226272, 0.6501771, -0.72830516, 0.21642852, -0.12653284, 1.2733523, 0.014958034)
joint_offset = Transform3D(1, 0, 0, 0, 1, 0, 0, 0, 1, -0.02830175, -0.00735904, 0.068254165)
body_offset = Transform3D(1, 0.0007478893, 9.684265e-05, 9.691715e-05, 8.061528e-06, -1.0000004, -0.0007477999, 1, 7.972121e-06, 0.028300643, 0.06825699, 0.007337332)

[node name="Physical Bone mixamorig6_RightArm" parent="LeanAndRotationPoint/IKCharacterMesh/MixamoRacer/Skeleton3D/PhysicalBoneSimulator3D" index="8"]
transform = Transform3D(-0.066828296, 0.045082755, 0.9967456, -0.7651756, -0.643439, -0.022199623, 0.640344, -0.7641688, 0.07749614, -0.3345503, 1.2665406, -0.047623795)
joint_offset = Transform3D(1, 0, 0, 0, 1, 0, 0, 0, 1, -0.004642672, -0.03592759, 0.14802359)
body_offset = Transform3D(0.99986625, 0.00050762296, 0.0006445423, 0.0006449111, -0.0005586557, -0.9998662, -0.00050726533, 0.9998661, -0.0005590096, 0.0045648813, 0.14798672, 0.036003172)

[node name="Physical Bone mixamorig6_RightHand" parent="LeanAndRotationPoint/IKCharacterMesh/MixamoRacer/Skeleton3D/PhysicalBoneSimulator3D" index="9"]
transform = Transform3D(0.06988274, -0.7784118, 0.6238524, -0.11226429, 0.6152715, 0.7802807, -0.99121803, -0.12456447, -0.044390976, -0.7266387, 1.261058, -0.02718856)
joint_offset = Transform3D(1, 0, 0, 0, 1, 0, 0, 0, 1, -0.0073958915, 0.005385641, 0.028587172)
body_offset = Transform3D(-0.4897304, -0.582384, -0.6488751, 6.854534e-05, 0.744251, -0.66803855, 0.8719231, -0.32718152, -0.36441827, 0.018064022, 0.0150895715, 0.018628418)

[node name="Physical Bone mixamorig6_LeftUpLeg" parent="LeanAndRotationPoint/IKCharacterMesh/MixamoRacer/Skeleton3D/PhysicalBoneSimulator3D" index="10"]
transform = Transform3D(-0.9965745, -0.00042598014, -0.08269999, -0.041604474, -0.8616517, 0.5057921, -0.07147404, 0.50750005, 0.8586823, 0.10965814, 0.8521796, -0.5818671)
joint_offset = Transform3D(1, 0, 0, 0, 1, 0, 0, 0, 1, 0.0013509498, -0.00036662296, 0.20337112)
body_offset = Transform3D(0.99999994, 0.00049772114, 0.0007810332, 0.0007805899, 0.0008546114, -0.9999994, -0.00049838796, 0.99999964, 0.00085410476, -0.0015096068, 0.20337027, 0.00019359589)

[node name="Physical Bone mixamorig6_LeftLeg" parent="LeanAndRotationPoint/IKCharacterMesh/MixamoRacer/Skeleton3D/PhysicalBoneSimulator3D" index="11"]
transform = Transform3D(-0.9980003, -0.00024180666, -0.06321014, -0.032566056, -0.8550974, 0.51744395, -0.05417593, 0.5184676, 0.85337937, 0.13822429, 0.648732, -0.9266167)
joint_offset = Transform3D(1, 0, 0, 0, 1, 0, 0, 0, 1, 0.000857758, 0.0021467067, 0.19567887)
body_offset = Transform3D(1.0000004, -0.0005148873, -0.00042309612, -0.00042229146, 0.001617372, -0.9999987, 0.0005155802, 0.99999875, 0.0016171038, -0.000773862, 0.19567552, -0.0024635792)

[node name="Physical Bone mixamorig6_LeftFoot" parent="LeanAndRotationPoint/IKCharacterMesh/MixamoRacer/Skeleton3D/PhysicalBoneSimulator3D" index="12"]
transform = Transform3D(-0.9849733, 0.037907135, -0.16849582, -0.17013569, -0.045240734, 0.98438174, 0.029692205, 0.9982567, 0.051010262, 0.16460161, 0.44956124, -1.0974481)
joint_offset = Transform3D(1, 0, 0, 0, 1, 0, 0, 0, 1, -0.0016164526, 0.0017053537, 0.09769294)
body_offset = Transform3D(1.0000005, 7.449649e-05, 0.00038770481, 0.00038738118, 0.0030256435, -0.99999547, -7.5709075e-05, 0.99999547, 0.0030255914, 0.0015784502, 0.09768796, -0.0020010471)

[node name="Physical Bone mixamorig6_RightUpLeg" parent="LeanAndRotationPoint/IKCharacterMesh/MixamoRacer/Skeleton3D/PhysicalBoneSimulator3D" index="13"]
transform = Transform3D(-0.9966433, 0.00051571307, 0.081866786, 0.041762944, -0.85688204, 0.51381844, 0.07041515, 0.5155126, 0.8539839, -0.10651149, 0.85306007, -0.5802436)
joint_offset = Transform3D(1, 0, 0, 0, 1, 0, 0, 0, 1, 0.0014492553, -0.0010111346, 0.20109871)
body_offset = Transform3D(1.0000002, -0.00025884062, 8.717924e-05, 8.6378306e-05, -0.003144145, -0.9999952, 0.0002591163, 0.9999951, -0.0031442642, -0.0014670491, 0.20109442, 0.0016430616)

[node name="Physical Bone mixamorig6_RightLeg" parent="LeanAndRotationPoint/IKCharacterMesh/MixamoRacer/Skeleton3D/PhysicalBoneSimulator3D" index="14"]
transform = Transform3D(-0.99799025, -0.0004691414, 0.06336808, 0.032735962, -0.86002874, 0.50919473, 0.054259475, 0.5102457, 0.8583153, -0.1390524, 0.64898163, -0.92692167)
joint_offset = Transform3D(1, 0, 0, 0, 1, 0, 0, 0, 1, -0.0016461182, 0.00035352627, 0.19585648)
body_offset = Transform3D(1.0000002, 0.0002760142, 0.00022619963, 0.00022546574, 0.0026385784, -0.99999666, -0.00027661398, 0.99999666, 0.0026382804, 0.0016017184, 0.19585526, -0.00087070465)

[node name="Physical Bone mixamorig6_RightFoot" parent="LeanAndRotationPoint/IKCharacterMesh/MixamoRacer/Skeleton3D/PhysicalBoneSimulator3D" index="15"]
transform = Transform3D(-0.98520654, -0.035801236, 0.16759057, 0.16908962, -0.04400794, 0.9846178, -0.027875215, 0.99838954, 0.049410515, -0.16625156, 0.4466064, -1.1009353)
joint_offset = Transform3D(1, 0, 0, 0, 1, 0, 0, 0, 1, 0.0008635674, 0.0029339148, 0.10388317)
body_offset = Transform3D(0.9999998, 0.00062469207, -0.0008256524, -0.000829946, 0.0070080534, -0.9999753, -0.0006188359, 0.9999753, 0.007008698, -0.00077962875, 0.103860766, -0.0036613941)

[node name="HeadTarget" parent="LeanAndRotationPoint/IKCharacterMesh/Targets" index="0"]
transform = Transform3D(0.99999994, -7.239909e-08, 1.3150904e-08, 7.1266e-08, 0.9084063, -0.41808897, 1.8322892e-08, 0.41808906, 0.9084061, 0, 1.7771792, 0)

[node name="LeftArmTarget" parent="LeanAndRotationPoint/IKCharacterMesh/Targets" index="1"]
transform = Transform3D(0.3579994, -0.93358016, -0.016309597, 0.93356377, 0.35820627, -0.012218971, 0.01724959, -0.010851652, 0.9997927, 0.17065138, 0.54643035, 0.28627902)

[node name="RightArmTarget" parent="LeanAndRotationPoint/IKCharacterMesh/Targets" index="2"]
transform = Transform3D(0.89618826, -0.3793981, 0.23000728, 0.21667142, -0.078135364, -0.9731133, 0.38716853, 0.9219289, 0.012180735, -0.171, 0.546, 0.286)

[node name="ButtTarget" parent="LeanAndRotationPoint/IKCharacterMesh/Targets" index="3"]
transform = Transform3D(0.9972978, -0.047047734, -0.05641314, 0.011882779, 0.86118686, -0.5081482, 0.07248954, 0.5061049, 0.8594194, 8.562988e-08, 0.64300925, -0.23276967)

[node name="LeftLegTarget" parent="LeanAndRotationPoint/IKCharacterMesh/Targets" index="4"]
transform = Transform3D(-0.9942024, -0.03528861, -0.101570226, -0.059410848, -0.6070492, 0.7924391, -0.08962238, 0.7938791, 0.6014333, 0.19855502, 0.28965372, -0.018588275)

[node name="RightLegTarget" parent="LeanAndRotationPoint/IKCharacterMesh/Targets" index="5"]
transform = Transform3D(-0.99056584, -0.062187843, -0.12210242, -0.05953959, -0.60723275, 0.7922895, -0.123415254, 0.79208636, 0.59780204, -0.199, 0.29, -0.019)

[node name="CrashCamPosition" type="SpringArm3D" parent="LeanAndRotationPoint/IKCharacterMesh"]
unique_name_in_owner = true
transform = Transform3D(0.99999994, 2.0736334e-07, 9.599724e-08, 1.4939812e-07, -0.9111905, 0.41198504, 1.7290242e-07, -0.41198495, -0.9111905, 4.8273824e-07, 2.942359, -3.3534045)
spring_length = 1.5

[node name="CrashingCamera" type="Camera3D" parent="LeanAndRotationPoint/IKCharacterMesh/CrashCamPosition"]
unique_name_in_owner = true
fov = 70.0

[node name="BikeMesh" type="Node3D" parent="LeanAndRotationPoint"]
unique_name_in_owner = true
transform = Transform3D(0.99999994, 0, 0, 0, 0.99999994, 0, 0, 0, 1, 0, 0, 0)

[node name="TailLight" type="MeshInstance3D" parent="LeanAndRotationPoint"]
unique_name_in_owner = true
transform = Transform3D(1, 0, 0, 0, 1, 0, 0, 0, 1, 0, 0.94790524, 0.958052)
mesh = SubResource("BoxMesh_u5kmf")
surface_material_override/0 = ExtResource("6_8fp08")

[node name="BikeMods" type="Node3D" parent="LeanAndRotationPoint"]
unique_name_in_owner = true

[node name="TrainingWheels" type="Node3D" parent="LeanAndRotationPoint/BikeMods"]
unique_name_in_owner = true
transform = Transform3D(1, 0, 0, 0, 1, 0, 0, 0, 1, 0, 0.07463604, 0.68403995)

[node name="TrainingWheelsMod" parent="LeanAndRotationPoint/BikeMods/TrainingWheels" instance=ExtResource("7_l0owt")]
transform = Transform3D(1, 0, 0, 0, 1, 0, 0, 0, 1, 0.15, 0.335, 0.117)
is_left_wheel = false

[node name="TrainingWheelsMod2" parent="LeanAndRotationPoint/BikeMods/TrainingWheels" instance=ExtResource("7_l0owt")]
transform = Transform3D(-1, 0, -8.742278e-08, 0, 1, 0, 8.742278e-08, 0, -1, -0.15, 0.335, 0.117)

[node name="WheelMarkers" type="Node3D" parent="LeanAndRotationPoint"]

[node name="FrontWheelMarker" type="Marker3D" parent="LeanAndRotationPoint/WheelMarkers"]
transform = Transform3D(1, 0, 0, 0, 1, 0, 0, 0, 1, 0, 0, -0.6935269)

[node name="RearWheelMarker" type="Marker3D" parent="LeanAndRotationPoint/WheelMarkers"]
transform = Transform3D(1, 0, 0, 0, 1, 0, 0, 0, 1, 0, 0, 0.7299706)

[node name="CameraRotateNode" type="Node3D" parent="."]
unique_name_in_owner = true

[node name="RidingCamPosition" type="SpringArm3D" parent="CameraRotateNode"]
unique_name_in_owner = true
transform = Transform3D(0.9919055, 0.011276588, -0.12647632, -9.313226e-10, 0.9960488, 0.08880738, 0.12697804, -0.08808853, 0.9879863, -0.14068353, 1.6460282, 1.3987733)
spring_length = 1.5

[node name="RidingCamera" type="Camera3D" parent="CameraRotateNode/RidingCamPosition"]
unique_name_in_owner = true
fov = 70.0

[node name="AnimationPlayer" type="AnimationPlayer" parent="."]
unique_name_in_owner = true
libraries = {
&"": SubResource("AnimationLibrary_8fp08"),
&"dirt_bike": ExtResource("6_x2eqs"),
&"pocket_bike": ExtResource("10_l0owt"),
&"sport_bike": ExtResource("5_voh27")
}

[node name="FunctionalityComponents" type="Node" parent="."]
unique_name_in_owner = true

[node name="BikeAnimation" type="Node3D" parent="FunctionalityComponents"]
unique_name_in_owner = true
script = ExtResource("6_voh27")

[node name="BikeInput" type="Node3D" parent="FunctionalityComponents"]
unique_name_in_owner = true
script = ExtResource("13_input")

[node name="BikePhysics" type="Node3D" parent="FunctionalityComponents"]
unique_name_in_owner = true
script = ExtResource("8_physics")

[node name="BikeGearing" type="Node3D" parent="FunctionalityComponents"]
unique_name_in_owner = true
script = ExtResource("5_gearing")

[node name="BikeTricks" type="Node3D" parent="FunctionalityComponents"]
unique_name_in_owner = true
script = ExtResource("7_tricks")

[node name="BikeCrash" type="Node3D" parent="FunctionalityComponents"]
unique_name_in_owner = true
script = ExtResource("9_crash")

[node name="BikeAudio" type="Node3D" parent="FunctionalityComponents"]
unique_name_in_owner = true
script = ExtResource("10_audio")

[node name="BikeUI" type="Node3D" parent="FunctionalityComponents"]
unique_name_in_owner = true
script = ExtResource("11_ui")

[node name="BikeCamera" type="Node3D" parent="FunctionalityComponents"]
unique_name_in_owner = true
script = ExtResource("17_kpend")

[node name="Sounds" type="Node" parent="."]

[node name="EngineSound" type="AudioStreamPlayer" parent="Sounds"]
unique_name_in_owner = true
stream = ExtResource("19_q0gqt")
volume_db = -25.0
pitch_scale = 0.49

[node name="TireScreechSound" type="AudioStreamPlayer" parent="Sounds"]
unique_name_in_owner = true
stream = ExtResource("11_pgn4o")
volume_db = -15.0
pitch_scale = 0.9

[node name="EngineGrindSound" type="AudioStreamPlayer" parent="Sounds"]
unique_name_in_owner = true
stream = ExtResource("12_pgn4o")
volume_db = -10.0

[node name="ExhaustPopsSound" type="AudioStreamPlayer" parent="Sounds"]
unique_name_in_owner = true
stream = ExtResource("12_nkid5")
volume_db = 2.5

[node name="NOSSound" type="AudioStreamPlayer" parent="Sounds"]
unique_name_in_owner = true
stream = ExtResource("17_fm7or")
volume_db = -20.0

[node name="BikeMarkers" type="Node3D" parent="."]

[node name="RearWheelMarker" type="Marker3D" parent="BikeMarkers"]
unique_name_in_owner = true
transform = Transform3D(1, 0, 0, 0, 1, 0, 0, 0, 1, 0, 0, 0.68403995)

[node name="FrontWheelMarker" type="Marker3D" parent="BikeMarkers"]
unique_name_in_owner = true
transform = Transform3D(1, 0, 0, 0, 1, 0, 0, 0, 1, 0, 0, -0.7181249)

[node name="OriginMarker" type="Marker3D" parent="BikeMarkers"]
unique_name_in_owner = true

[node name="SpeedLinesEffect" type="ColorRect" parent="."]
unique_name_in_owner = true
visible = false
material = ExtResource("14_speedlines")
anchors_preset = 15
anchor_right = 1.0
anchor_bottom = 1.0
grow_horizontal = 2
grow_vertical = 2
size_flags_horizontal = 3
size_flags_vertical = 3
mouse_filter = 2
color = Color(0, 0, 0, 1)

[node name="MotoUI" type="MarginContainer" parent="."]
anchors_preset = 15
anchor_right = 1.0
anchor_bottom = 1.0
grow_horizontal = 2
grow_vertical = 2
theme_override_constants/margin_left = 64
theme_override_constants/margin_top = 64
theme_override_constants/margin_right = 64
theme_override_constants/margin_bottom = 64

[node name="VBoxContainer" type="VBoxContainer" parent="MotoUI"]
layout_mode = 2
size_flags_horizontal = 8
size_flags_vertical = 4

[node name="GearLabel" type="Label" parent="MotoUI/VBoxContainer"]
unique_name_in_owner = true
layout_mode = 2
size_flags_horizontal = 8
theme_override_font_sizes/font_size = 24
text = "Gear:"

[node name="SpeedLabel" type="Label" parent="MotoUI/VBoxContainer"]
unique_name_in_owner = true
layout_mode = 2
size_flags_horizontal = 8
theme_override_font_sizes/font_size = 24
text = "Speed:"

[node name="HBoxContainer" type="HBoxContainer" parent="MotoUI/VBoxContainer"]
layout_mode = 2
alignment = 2

[node name="Label" type="Label" parent="MotoUI/VBoxContainer/HBoxContainer"]
layout_mode = 2
theme_override_font_sizes/font_size = 24
text = "Throttle"

[node name="ThrottleBar" type="ProgressBar" parent="MotoUI/VBoxContainer/HBoxContainer"]
unique_name_in_owner = true
custom_minimum_size = Vector2(100, 12)
layout_mode = 2
size_flags_horizontal = 8
size_flags_vertical = 1
max_value = 1.0
show_percentage = false

[node name="HBoxContainer2" type="HBoxContainer" parent="MotoUI/VBoxContainer"]
layout_mode = 2
alignment = 2

[node name="Label2" type="Label" parent="MotoUI/VBoxContainer/HBoxContainer2"]
layout_mode = 2
theme_override_font_sizes/font_size = 24
text = "RPM"

[node name="RPMBar" type="ProgressBar" parent="MotoUI/VBoxContainer/HBoxContainer2"]
unique_name_in_owner = true
custom_minimum_size = Vector2(100, 12)
layout_mode = 2
size_flags_horizontal = 8
size_flags_vertical = 1
max_value = 1.0
show_percentage = false

[node name="HBoxContainer3" type="HBoxContainer" parent="MotoUI/VBoxContainer"]
layout_mode = 2
alignment = 2

[node name="Label3" type="Label" parent="MotoUI/VBoxContainer/HBoxContainer3"]
layout_mode = 2
theme_override_font_sizes/font_size = 24
text = "BrakeDanger"

[node name="BrakeDangerBar" type="ProgressBar" parent="MotoUI/VBoxContainer/HBoxContainer3"]
unique_name_in_owner = true
custom_minimum_size = Vector2(100, 12)
layout_mode = 2
size_flags_horizontal = 8
size_flags_vertical = 1
max_value = 1.0
show_percentage = false

[node name="HBoxContainer4" type="HBoxContainer" parent="MotoUI/VBoxContainer"]
layout_mode = 2
alignment = 2

[node name="Label4" type="Label" parent="MotoUI/VBoxContainer/HBoxContainer4"]
layout_mode = 2
theme_override_font_sizes/font_size = 24
text = "Clutch"

[node name="ClutchBar" type="ProgressBar" parent="MotoUI/VBoxContainer/HBoxContainer4"]
unique_name_in_owner = true
custom_minimum_size = Vector2(100, 12)
layout_mode = 2
size_flags_horizontal = 8
size_flags_vertical = 1
max_value = 1.0
show_percentage = false

[node name="DifficultyLabel" type="Label" parent="MotoUI/VBoxContainer"]
unique_name_in_owner = true
layout_mode = 2
size_flags_horizontal = 8
theme_override_font_sizes/font_size = 24
text = "Easy"

[node name="BoostLabel" type="Label" parent="MotoUI/VBoxContainer"]
unique_name_in_owner = true
layout_mode = 2
size_flags_horizontal = 8
theme_override_font_sizes/font_size = 24
text = "Boost: 2"

[node name="VBoxContainer2" type="VBoxContainer" parent="MotoUI"]
layout_mode = 2
size_flags_horizontal = 4
size_flags_vertical = 0

[node name="ScoreLabel" type="Label" parent="MotoUI/VBoxContainer2"]
unique_name_in_owner = true
layout_mode = 2
size_flags_horizontal = 8
theme_override_colors/font_color = Color(1, 0.85, 0.2, 1)
theme_override_font_sizes/font_size = 28
text = "Score: 0"

[node name="BoostToast" type="Label" parent="MotoUI/VBoxContainer2"]
unique_name_in_owner = true
layout_mode = 2
theme_override_colors/font_color = Color(0.2, 1, 0.4, 1)
theme_override_font_sizes/font_size = 24
text = "+1 Boost!"
horizontal_alignment = 1
vertical_alignment = 1

[node name="TrickLabel" type="Label" parent="MotoUI/VBoxContainer2"]
unique_name_in_owner = true
layout_mode = 2
size_flags_horizontal = 8
theme_override_colors/font_color = Color(0.4, 1, 0.6, 1)
theme_override_font_sizes/font_size = 24
text = "Trick Name +100"

[node name="ComboLabel" type="Label" parent="MotoUI/VBoxContainer2"]
unique_name_in_owner = true
layout_mode = 2
size_flags_horizontal = 8
theme_override_colors/font_color = Color(1, 0.5, 0.2, 1)
theme_override_font_sizes/font_size = 20
text = "x1.00 (0)"

[node name="TrickFeedLabel" type="Label" parent="MotoUI/VBoxContainer2"]
unique_name_in_owner = true
layout_mode = 2
size_flags_horizontal = 8
theme_override_colors/font_color = Color(0.8, 0.9, 1, 1)
theme_override_font_sizes/font_size = 18

[node name="RespawnLabel" type="Label" parent="MotoUI"]
unique_name_in_owner = true
layout_mode = 2
size_flags_horizontal = 4
theme_override_font_sizes/font_size = 24
text = "Press Start to Respawn"

[editable path="LeanAndRotationPoint/IKCharacterMesh"]
[editable path="LeanAndRotationPoint/IKCharacterMesh/MixamoRacer"]
