[gd_scene load_steps=28 format=3 uid="uid://bmqevs0vheol7"]

[ext_resource type="Script" uid="uid://c331s8cm2gjtp" path="res://scenes/bike/player_controller.gd" id="1_5uol1"]
[ext_resource type="PackedScene" uid="uid://gobjlpuvfmm8" path="res://scenes/character/ik_char_mesh.tscn" id="2_wi4rf"]
[ext_resource type="Script" uid="uid://biy8pd4m0fncl" path="res://scenes/bike/components/bike_state.gd" id="2_x2eqs"]
[ext_resource type="Script" uid="uid://l500tpp42su8" path="res://scenes/bike/components/bike_gearing.gd" id="5_gearing"]
[ext_resource type="PackedScene" uid="uid://bauw0rmpitang" path="res://scenes/bike/mods/tail_light_mod.tscn" id="5_kpend"]
[ext_resource type="AnimationLibrary" uid="uid://d3c8x3281rwy5" path="res://scenes/bike/resources/sport_bike_anim_library.res" id="5_voh27"]
[ext_resource type="Script" uid="uid://jx4j084pg5ad" path="res://scenes/bike/components/bike_animation.gd" id="6_voh27"]
[ext_resource type="AnimationLibrary" uid="uid://dp5mp2j5ojl2l" path="res://scenes/bike/resources/dirt_bike_anim_library.res" id="6_x2eqs"]
[ext_resource type="PackedScene" uid="uid://bn73ermusily2" path="res://scenes/bike/mods/training_wheels_mod.tscn" id="7_l0owt"]
[ext_resource type="Script" uid="uid://bpqhimqk1dt2d" path="res://scenes/bike/components/bike_tricks.gd" id="7_tricks"]
[ext_resource type="Script" uid="uid://cgy5mk1x6lanu" path="res://scenes/bike/components/bike_physics.gd" id="8_physics"]
[ext_resource type="Script" uid="uid://bbk0xwdxhsifa" path="res://scenes/bike/components/bike_crash.gd" id="9_crash"]
[ext_resource type="Script" uid="uid://b662mtkdepm0j" path="res://scenes/bike/components/bike_audio.gd" id="10_audio"]
[ext_resource type="AnimationLibrary" uid="uid://daju4350yik6q" path="res://scenes/bike/resources/pocket_bike_anim_library.res" id="10_l0owt"]
[ext_resource type="AudioStream" uid="uid://c61khm016rfjr" path="res://assets/sounds/tire-screech-short.ogg" id="11_pgn4o"]
[ext_resource type="Script" uid="uid://pc1xy500s1vu" path="res://scenes/bike/components/bike_ui.gd" id="11_ui"]
[ext_resource type="AudioStream" uid="uid://fghbqufnqde0" path="res://assets/sounds/exhaust-pops.ogg" id="12_nkid5"]
[ext_resource type="AudioStream" uid="uid://tkuif41xejv4" path="res://assets/sounds/grinding-gear.ogg" id="12_pgn4o"]
[ext_resource type="Script" uid="uid://deoncd44247pm" path="res://scenes/bike/components/bike_input.gd" id="13_input"]
[ext_resource type="Material" uid="uid://dddd4ebearn7x" path="res://assets/materials/speed_lines_material.tres" id="14_speedlines"]
[ext_resource type="AudioStream" uid="uid://7duowi0k1kbh" path="res://assets/sounds/nos-sfx.mp3" id="17_fm7or"]
[ext_resource type="Script" uid="uid://c1aqaxut0yc6j" path="res://scenes/bike/components/bike_camera.gd" id="17_kpend"]
[ext_resource type="AudioStream" uid="uid://dn6ey2jxm33vt" path="res://assets/sounds/motorcycle-stable-rpm.ogg" id="19_q0gqt"]

[sub_resource type="Resource" id="Resource_kpend"]
script = ExtResource("2_x2eqs")

[sub_resource type="CapsuleShape3D" id="CapsuleShape3D_nkid5"]
radius = 0.35
height = 2.3

[sub_resource type="Animation" id="Animation_kpend"]
length = 0.001
tracks/0/type = "value"
tracks/0/imported = false
tracks/0/enabled = true
tracks/0/path = NodePath("LeanAndRotationPoint/IKCharacterMesh/Targets/LeftLegTarget:position")
tracks/0/interp = 1
tracks/0/loop_wrap = true
tracks/0/keys = {
"times": PackedFloat32Array(0),
"transitions": PackedFloat32Array(1),
"update": 0,
"values": [Vector3(0.19855502, 0.28965372, -0.018588275)]
}
tracks/1/type = "value"
tracks/1/imported = false
tracks/1/enabled = true
tracks/1/path = NodePath("LeanAndRotationPoint/IKCharacterMesh/Targets/LeftLegTarget:rotation")
tracks/1/interp = 1
tracks/1/loop_wrap = true
tracks/1/keys = {
"times": PackedFloat32Array(0),
"transitions": PackedFloat32Array(1),
"update": 0,
"values": [Vector3(-0.9147987, -0.16730168, -3.0440352)]
}
tracks/2/type = "value"
tracks/2/imported = false
tracks/2/enabled = true
tracks/2/path = NodePath("LeanAndRotationPoint/IKCharacterMesh/Targets/RightLegTarget:position")
tracks/2/interp = 1
tracks/2/loop_wrap = true
tracks/2/keys = {
"times": PackedFloat32Array(0),
"transitions": PackedFloat32Array(1),
"update": 0,
"values": [Vector3(-0.199, 0.29, -0.019)]
}
tracks/3/type = "value"
tracks/3/imported = false
tracks/3/enabled = true
tracks/3/path = NodePath("LeanAndRotationPoint/IKCharacterMesh/Targets/RightLegTarget:rotation")
tracks/3/interp = 1
tracks/3/loop_wrap = true
tracks/3/keys = {
"times": PackedFloat32Array(0),
"transitions": PackedFloat32Array(1),
"update": 0,
"values": [Vector3(-0.914553, -0.20148091, -3.0438542)]
}
tracks/4/type = "value"
tracks/4/imported = false
tracks/4/enabled = true
tracks/4/path = NodePath("LeanAndRotationPoint/IKCharacterMesh/MixamoRacer/Skeleton3D/LeftArmIK:magnet")
tracks/4/interp = 1
tracks/4/loop_wrap = true
tracks/4/keys = {
"times": PackedFloat32Array(0),
"transitions": PackedFloat32Array(1),
"update": 0,
"values": [Vector3(0, 0, 0)]
}
tracks/5/type = "value"
tracks/5/imported = false
tracks/5/enabled = true
tracks/5/path = NodePath("LeanAndRotationPoint/IKCharacterMesh/MixamoRacer/Skeleton3D/RightArmIK:magnet")
tracks/5/interp = 1
tracks/5/loop_wrap = true
tracks/5/keys = {
"times": PackedFloat32Array(0),
"transitions": PackedFloat32Array(1),
"update": 0,
"values": [Vector3(0, 0, 0)]
}
tracks/6/type = "value"
tracks/6/imported = false
tracks/6/enabled = true
tracks/6/path = NodePath("LeanAndRotationPoint/IKCharacterMesh/MixamoRacer/Skeleton3D/LeftLegIK:magnet")
tracks/6/interp = 1
tracks/6/loop_wrap = true
tracks/6/keys = {
"times": PackedFloat32Array(0),
"transitions": PackedFloat32Array(1),
"update": 0,
"values": [Vector3(1, 0, 1)]
}
tracks/7/type = "value"
tracks/7/imported = false
tracks/7/enabled = true
tracks/7/path = NodePath("LeanAndRotationPoint/IKCharacterMesh/MixamoRacer/Skeleton3D/RightLegIK:magnet")
tracks/7/interp = 1
tracks/7/loop_wrap = true
tracks/7/keys = {
"times": PackedFloat32Array(0),
"transitions": PackedFloat32Array(1),
"update": 0,
"values": [Vector3(-1, 0, 1)]
}
tracks/8/type = "value"
tracks/8/imported = false
tracks/8/enabled = true
tracks/8/path = NodePath("LeanAndRotationPoint/IKCharacterMesh/MixamoRacer/Skeleton3D/HeadIK:magnet")
tracks/8/interp = 1
tracks/8/loop_wrap = true
tracks/8/keys = {
"times": PackedFloat32Array(0),
"transitions": PackedFloat32Array(1),
"update": 0,
"values": [Vector3(0, 0, 0)]
}
tracks/9/type = "value"
tracks/9/imported = false
tracks/9/enabled = true
tracks/9/path = NodePath("LeanAndRotationPoint/IKCharacterMesh/Targets/HeadTarget:position")
tracks/9/interp = 1
tracks/9/loop_wrap = true
tracks/9/keys = {
"times": PackedFloat32Array(0),
"transitions": PackedFloat32Array(1),
"update": 0,
"values": [Vector3(0, 1.7771792, 0)]
}
tracks/10/type = "value"
tracks/10/imported = false
tracks/10/enabled = true
tracks/10/path = NodePath("LeanAndRotationPoint/IKCharacterMesh/Targets/LeftArmTarget:position")
tracks/10/interp = 1
tracks/10/loop_wrap = true
tracks/10/keys = {
"times": PackedFloat32Array(0),
"transitions": PackedFloat32Array(1),
"update": 0,
"values": [Vector3(0.17065138, 0.54643035, 0.28627902)]
}
tracks/11/type = "value"
tracks/11/imported = false
tracks/11/enabled = true
tracks/11/path = NodePath("LeanAndRotationPoint/IKCharacterMesh/Targets/RightArmTarget:position")
tracks/11/interp = 1
tracks/11/loop_wrap = true
tracks/11/keys = {
"times": PackedFloat32Array(0),
"transitions": PackedFloat32Array(1),
"update": 0,
"values": [Vector3(-0.171, 0.546, 0.286)]
}
tracks/12/type = "value"
tracks/12/imported = false
tracks/12/enabled = true
tracks/12/path = NodePath("LeanAndRotationPoint/IKCharacterMesh/Targets/ButtTarget:position")
tracks/12/interp = 1
tracks/12/loop_wrap = true
tracks/12/keys = {
"times": PackedFloat32Array(0),
"transitions": PackedFloat32Array(1),
"update": 0,
"values": [Vector3(8.562988e-08, 0.64300925, -0.23276967)]
}
tracks/13/type = "value"
tracks/13/imported = false
tracks/13/enabled = true
tracks/13/path = NodePath("LeanAndRotationPoint/IKCharacterMesh/Targets/HeadTarget:rotation")
tracks/13/interp = 1
tracks/13/loop_wrap = true
tracks/13/keys = {
"times": PackedFloat32Array(0),
"transitions": PackedFloat32Array(1),
"update": 0,
"values": [Vector3(0.43134058, 1.4476901e-08, 7.8451706e-08)]
}
tracks/14/type = "value"
tracks/14/imported = false
tracks/14/enabled = true
tracks/14/path = NodePath("LeanAndRotationPoint/IKCharacterMesh/Targets/LeftArmTarget:rotation")
tracks/14/interp = 1
tracks/14/loop_wrap = true
tracks/14/keys = {
"times": PackedFloat32Array(0),
"transitions": PackedFloat32Array(1),
"update": 0,
"values": [Vector3(0.01221927, -0.01631153, 1.204422)]
}
tracks/15/type = "value"
tracks/15/imported = false
tracks/15/enabled = true
tracks/15/path = NodePath("LeanAndRotationPoint/IKCharacterMesh/Targets/RightArmTarget:rotation")
tracks/15/interp = 1
tracks/15/loop_wrap = true
tracks/15/keys = {
"times": PackedFloat32Array(0),
"transitions": PackedFloat32Array(1),
"update": 0,
"values": [Vector3(1.3383801, 1.5178877, 1.9168977)]
}
tracks/16/type = "value"
tracks/16/imported = false
tracks/16/enabled = true
tracks/16/path = NodePath("LeanAndRotationPoint/IKCharacterMesh/Targets/ButtTarget:rotation")
tracks/16/interp = 1
tracks/16/loop_wrap = true
tracks/16/keys = {
"times": PackedFloat32Array(0),
"transitions": PackedFloat32Array(1),
"update": 0,
"values": [Vector3(0.53303367, -0.06554695, 0.013797265)]
}
tracks/17/type = "value"
tracks/17/imported = false
tracks/17/enabled = true
tracks/17/path = NodePath("LeanAndRotationPoint/BikeMesh:rotation")
tracks/17/interp = 1
tracks/17/loop_wrap = true
tracks/17/keys = {
"times": PackedFloat32Array(0),
"transitions": PackedFloat32Array(1),
"update": 0,
"values": [Vector3(0, 0, 0)]
}

[sub_resource type="AnimationLibrary" id="AnimationLibrary_8fp08"]
_data = {
&"RESET": SubResource("Animation_kpend")
}

[node name="PlayerController" type="CharacterBody3D"]
collision_mask = 3
script = ExtResource("1_5uol1")
state = SubResource("Resource_kpend")

[node name="CollisionShape3D" type="CollisionShape3D" parent="."]
unique_name_in_owner = true
transform = Transform3D(1, 0, 0, 0, -4.371139e-08, 1, 0, -1, -4.371139e-08, 0, 0.35, 0)
shape = SubResource("CapsuleShape3D_nkid5")

[node name="LeanAndRotationPoint" type="Node3D" parent="."]
unique_name_in_owner = true
transform = Transform3D(0.99999994, 0, 0, 0, 0.99999994, 0, 0, 0, 1, 0, 0, 0)

[node name="IKCharacterMesh" parent="LeanAndRotationPoint" instance=ExtResource("2_wi4rf")]
unique_name_in_owner = true
transform = Transform3D(-0.99999994, 0, -1.5099579e-07, 0, 0.99999994, 0, 1.509958e-07, 0, -1, 0, 0, 0)
left_leg_magnet = Vector3(1, 0, 1)
right_leg_magnet = Vector3(-1, 0, 1)
max_bone_angular_velocity = 100.0

[node name="Skeleton3D" parent="LeanAndRotationPoint/IKCharacterMesh/MixamoRacer" index="0"]
bones/0/position = Vector3(2.7699734e-08, 0.98623186, -0.35969338)
bones/0/rotation = Quaternion(0.46173313, 9.4154835e-09, 4.207468e-08, 0.88701886)
bones/8/position = Vector3(1.5199184e-06, 0.1310766, 5.6028366e-06)
bones/8/scale = Vector3(0.99952495, 0.999525, 0.99952507)
bones/9/position = Vector3(-1.5616417e-05, 0.27071893, 3.7550926e-06)
bones/9/scale = Vector3(0.99995863, 0.99995834, 0.99995863)
bones/10/position = Vector3(1.013279e-06, 0.25567788, 5.364418e-06)
bones/10/scale = Vector3(0.9999232, 0.9999287, 0.999921)
bones/32/position = Vector3(-5.9604645e-08, 0.13107663, -2.6226044e-06)
bones/32/scale = Vector3(1.0001338, 1.0001336, 1.0001339)
bones/33/position = Vector3(6.3180923e-06, 0.2706902, 3.7252903e-07)
bones/33/scale = Vector3(1.0000056, 1.0000056, 1.0000056)
bones/34/position = Vector3(1.7881393e-06, 0.25565445, -2.7418137e-06)
bones/34/scale = Vector3(0.99983805, 0.9997685, 0.9998116)

[node name="LeftArmIK" parent="LeanAndRotationPoint/IKCharacterMesh/MixamoRacer/Skeleton3D" index="1"]
target = Transform3D(-0.08169469, -0.027651627, -0.9962736, 0.98497635, -0.15483423, -0.0764709, -0.15214273, -0.9875532, 0.039885372, -0.95111763, 0.60892016, 0.40098357)
override_tip_basis = false

[node name="RightArmIK" parent="LeanAndRotationPoint/IKCharacterMesh/MixamoRacer/Skeleton3D" index="2"]
target = Transform3D(-0.04889248, 0.92596906, -0.37442094, -0.52059925, -0.3435467, -0.78163445, -0.85240024, 0.15670708, 0.49885568, 0.9806601, 0.12702164, 0.55838567)

[node name="LeftLegIK" parent="LeanAndRotationPoint/IKCharacterMesh/MixamoRacer/Skeleton3D" index="3"]
target = Transform3D(-0.9982336, 0.03612911, -0.047162842, -0.059410855, -0.60704976, 0.7924393, -6.939984e-08, 0.7938415, 0.60812396, 0.2375038, 0.39871255, -0.17106614)
magnet = Vector3(1, 0, 1)

[node name="RightLegIK" parent="LeanAndRotationPoint/IKCharacterMesh/MixamoRacer/Skeleton3D" index="4"]
target = Transform3D(-0.9982256, 0.036801673, -0.046809737, -0.05953972, -0.60723305, 0.7922895, 0.0007331595, 0.7936708, 0.60834676, -0.238, 0.399, -0.171)
magnet = Vector3(-1, 0, 1)

[node name="HeadIK" parent="LeanAndRotationPoint/IKCharacterMesh/MixamoRacer/Skeleton3D" index="5"]
target = Transform3D(1, 1.274684e-08, 9.343069e-10, -1.274684e-08, 0.9893129, 0.14580679, 9.342784e-10, -0.14580679, 0.9893129, -1.8309903e-07, 1.7583534, 0.73081344)
use_magnet = true

[node name="Physical Bone mixamorig6_Hips" parent="LeanAndRotationPoint/IKCharacterMesh/MixamoRacer/Skeleton3D/PhysicalBoneSimulator3D" index="0"]
transform = Transform3D(1.0000001, 0.00021098036, -2.9419705e-05, 0.00014134106, -0.760475, -0.6493674, -0.00015937668, 0.64936733, -0.7604749, 0.00032289178, 1.0202903, -0.31425917)
joint_offset = Transform3D(1, 0, 0, 0, 1, 0, 0, 0, 1, -0.00032043675, -0.0036030305, 0.05666799)
body_offset = Transform3D(1.0000001, 0.00021093136, -2.9490655e-05, -4.954255e-05, 0.09570539, -0.9954097, -0.00020714069, 0.9954097, 0.09570554, 0.0003228679, 0.05675268, -0.0018370152)

[node name="Physical Bone mixamorig6_Spine" parent="LeanAndRotationPoint/IKCharacterMesh/MixamoRacer/Skeleton3D/PhysicalBoneSimulator3D" index="1"]
transform = Transform3D(0.9999999, 0.0005739645, -0.00047643456, 0.0001278101, -0.761098, -0.6486372, -0.0007349079, 0.6486369, -0.76109767, 0.000700132, 1.094816, -0.23206529)
joint_offset = Transform3D(1, 0, 0, 0, 1, 0, 0, 0, 1, -0.00066912745, -0.00025186938, 0.06472995)
body_offset = Transform3D(0.9999999, 0.0005739154, -0.00047650546, -0.00047588945, -0.0010730028, -0.9999995, -0.0005744264, 0.9999995, -0.0010725558, 0.00070011616, 0.06472933, 0.0003209114)

[node name="Physical Bone mixamorig6_Spine1" parent="LeanAndRotationPoint/IKCharacterMesh/MixamoRacer/Skeleton3D/PhysicalBoneSimulator3D" index="2"]
transform = Transform3D(1, 0.00040562294, -0.00034310212, 8.6049455e-05, -0.76094884, -0.6488121, -0.0005242561, 0.64881194, -0.76094866, 0.0005522309, 1.1521163, -0.10557504)
joint_offset = Transform3D(1, 0, 0, 0, 1, 0, 0, 0, 1, -0.0005096435, -0.038833454, 0.0781801)
body_offset = Transform3D(1, 0.0004055739, -0.00034317304, -0.00034283107, -0.0008429885, -0.99999976, -0.000405863, 0.99999976, -0.0008427799, 0.00055222266, 0.07814717, 0.038899124)

[node name="Physical Bone mixamorig6_Head" parent="LeanAndRotationPoint/IKCharacterMesh/MixamoRacer/Skeleton3D/PhysicalBoneSimulator3D" index="3"]
transform = Transform3D(-1.0000001, -3.542422e-05, 5.3127922e-05, -4.830444e-05, 0.96381754, -0.26656348, -4.1762803e-05, -0.26656345, -0.96381736, 0.0016182197, 1.3678846, 0.20790578)
joint_offset = Transform3D(1, 0, 0, 0, 1, 0, 0, 0, 1, 0.0016257796, 0.0010566227, 0.1428061)
body_offset = Transform3D(-1.0000001, -3.53498e-05, 5.3084357e-05, -6.185098e-05, 0.3344999, -0.9423959, 1.5556807e-05, -0.94239604, -0.33449978, 0.0016182363, 0.13422656, 0.048764348)

[node name="Physical Bone mixamorig6_LeftShoulder" parent="LeanAndRotationPoint/IKCharacterMesh/MixamoRacer/Skeleton3D/PhysicalBoneSimulator3D" index="4"]
transform = Transform3D(-0.026886249, -0.2631327, -0.9643851, 0.75995773, -0.6321207, 0.15128733, -0.6494163, -0.72882414, 0.21696505, 0.1255789, 1.279259, 0.0040408536)
joint_offset = Transform3D(1, 0, 0, 0, 1, 0, 0, 0, 1, 0.016865246, -0.011837468, 0.06877664)
body_offset = Transform3D(1, 0.0003516674, 0.00015945733, 0.00015936792, 0.00010702014, -1.0000001, -0.00035187602, 1, 0.00010687113, -0.016872048, 0.06877522, 0.011836052)

[node name="Physical Bone mixamorig6_LeftArm" parent="LeanAndRotationPoint/IKCharacterMesh/MixamoRacer/Skeleton3D/PhysicalBoneSimulator3D" index="5"]
transform = Transform3D(-0.06721422, -0.045518782, -0.9966998, 0.7636595, -0.6452435, -0.022030778, -0.6421111, -0.76261985, 0.07813037, 0.33556715, 1.2863709, -0.026735438)
joint_offset = Transform3D(1, 0, 0, 0, 1, 0, 0, 0, 1, 0.0032032775, -0.0070951553, 0.14784706)
body_offset = Transform3D(1.0004716, -0.002723366, 0.00025212765, 0.00024868175, -0.0012606345, -1.0004745, 0.0027234852, 1.0004709, -0.0012599938, -0.0032613873, 0.14790747, 0.007276058)

[node name="Physical Bone mixamorig6_LeftHand" parent="LeanAndRotationPoint/IKCharacterMesh/MixamoRacer/Skeleton3D/PhysicalBoneSimulator3D" index="6"]
transform = Transform3D(0.0691107, 0.75799596, -0.6485878, 0.13784994, 0.63664955, 0.75873256, 0.988039, -0.1418443, -0.06049039, 0.7265862, 1.2601819, -0.023814503)
joint_offset = Transform3D(1, 0, 0, 0, 1, 0, 0, 0, 1, 0.004761937, 0.0070327707, 0.029381681)
body_offset = Transform3D(-0.46621585, 0.608971, 0.642639, 0.00026797503, 0.7263892, -0.6881393, -0.8853436, -0.32046145, -0.33861893, -0.020944476, 0.015108883, 0.016418874)

[node name="Physical Bone mixamorig6_RightShoulder" parent="LeanAndRotationPoint/IKCharacterMesh/MixamoRacer/Skeleton3D/PhysicalBoneSimulator3D" index="7"]
transform = Transform3D(-0.026026014, 0.2633399, 0.96435213, -0.75933677, -0.6326326, 0.15226275, 0.6501773, -0.72830504, 0.21642852, -0.1264774, 1.272918, 0.015921745)
joint_offset = Transform3D(1, 0, 0, 0, 1, 0, 0, 0, 1, -0.02925666, -0.0069465195, 0.06805826)
body_offset = Transform3D(1, 0.0007480681, 9.678304e-05, 9.690225e-05, 8.061528e-06, -1.0000004, -0.0007480085, 1, 7.972121e-06, 0.029255271, 0.06806117, 0.006924093)

[node name="Physical Bone mixamorig6_RightArm" parent="LeanAndRotationPoint/IKCharacterMesh/MixamoRacer/Skeleton3D/PhysicalBoneSimulator3D" index="8"]
transform = Transform3D(-0.0668124, 0.045086015, 0.99674654, -0.7651638, -0.6434536, -0.022183854, 0.64035976, -0.76415634, 0.07748885, -0.3345588, 1.2665435, -0.047680244)
joint_offset = Transform3D(1, 0, 0, 0, 1, 0, 0, 0, 1, -0.0046017575, -0.03596793, 0.14803675)
body_offset = Transform3D(0.99986625, 0.00052654743, 0.00062774494, 0.0006281249, -0.0005631782, -0.99986625, -0.0005261302, 0.9998661, -0.0005635433, 0.0045271516, 0.1479996, 0.03604412)

[node name="Physical Bone mixamorig6_RightHand" parent="LeanAndRotationPoint/IKCharacterMesh/MixamoRacer/Skeleton3D/PhysicalBoneSimulator3D" index="9"]
transform = Transform3D(0.06988437, -0.7784119, 0.6238521, -0.11226298, 0.6152714, 0.780281, -0.9912181, -0.124564916, -0.04438897, -0.7266431, 1.2610556, -0.02719461)
joint_offset = Transform3D(1, 0, 0, 0, 1, 0, 0, 0, 1, -0.007401798, 0.005382953, 0.028591521)
body_offset = Transform3D(-0.48973143, -0.5823842, -0.6488742, 6.684661e-05, 0.7442512, -0.6680384, 0.8719225, -0.32718113, -0.36442012, 0.018062353, 0.015094459, 0.01863432)

[node name="Physical Bone mixamorig6_LeftUpLeg" parent="LeanAndRotationPoint/IKCharacterMesh/MixamoRacer/Skeleton3D/PhysicalBoneSimulator3D" index="10"]
transform = Transform3D(-0.9965745, -0.00042539768, -0.082699984, -0.04160486, -0.8616525, 0.5057908, -0.07147379, 0.50749886, 0.858683, 0.10964186, 0.85216296, -0.58185)
joint_offset = Transform3D(1, 0, 0, 0, 1, 0, 0, 0, 1, 0.0013352652, -0.0003899414, 0.20336352)
body_offset = Transform3D(0.9999999, 0.0004972629, 0.00078101456, 0.00078057125, 0.0008561015, -0.9999995, -0.00049792975, 0.99999964, 0.0008556247, -0.001493901, 0.2033627, 0.00021660328)

[node name="Physical Bone mixamorig6_LeftLeg" parent="LeanAndRotationPoint/IKCharacterMesh/MixamoRacer/Skeleton3D/PhysicalBoneSimulator3D" index="11"]
transform = Transform3D(-0.997999, -0.00018809285, -0.0632312, -0.032626286, -0.85506415, 0.5174951, -0.05416405, 0.5185225, 0.8533468, 0.13822453, 0.6487313, -0.92661697)
joint_offset = Transform3D(1, 0, 0, 0, 1, 0, 0, 0, 1, 0.00085395895, 0.0021580432, 0.19567941)
body_offset = Transform3D(1.0000002, -0.000572579, -0.00040194765, -0.00040109456, 0.0015567541, -0.9999988, 0.0005732067, 0.9999988, 0.0015564859, -0.0007740706, 0.19567615, -0.0024631023)

[node name="Physical Bone mixamorig6_LeftFoot" parent="LeanAndRotationPoint/IKCharacterMesh/MixamoRacer/Skeleton3D/PhysicalBoneSimulator3D" index="12"]
transform = Transform3D(-0.98496515, 0.037912104, -0.16854286, -0.17018281, -0.04523434, 0.98437387, 0.029695753, 0.99825674, 0.051006224, 0.1646116, 0.44954193, -1.0974641)
joint_offset = Transform3D(1, 0, 0, 0, 1, 0, 0, 0, 1, -0.0016140643, 0.0017206135, 0.09771434)
body_offset = Transform3D(1.0000005, 6.851368e-05, 0.00043525337, 0.0004349692, 0.0030201823, -0.99999547, -6.9871545e-05, 0.99999547, 0.0030201338, 0.0015714169, 0.09770942, -0.002015829)

[node name="Physical Bone mixamorig6_RightUpLeg" parent="LeanAndRotationPoint/IKCharacterMesh/MixamoRacer/Skeleton3D/PhysicalBoneSimulator3D" index="13"]
transform = Transform3D(-0.9966433, 0.000512872, 0.08186631, 0.041765265, -0.856881, 0.51382, 0.07041319, 0.5155143, 0.85398304, -0.10650975, 0.853059, -0.5802419)
joint_offset = Transform3D(1, 0, 0, 0, 1, 0, 0, 0, 1, 0.0014508156, -0.0010125744, 0.20109767)
body_offset = Transform3D(1.0000001, -0.0002558492, 8.7659806e-05, 8.686632e-05, -0.0031459033, -0.9999951, 0.00025612116, 0.99999523, -0.0031459928, -0.0014687032, 0.20109338, 0.0016448498)

[node name="Physical Bone mixamorig6_RightLeg" parent="LeanAndRotationPoint/IKCharacterMesh/MixamoRacer/Skeleton3D/PhysicalBoneSimulator3D" index="14"]
transform = Transform3D(-0.99799037, -0.0004705687, 0.06336595, 0.03273628, -0.860027, 0.50919765, 0.054256797, 0.5102486, 0.8583138, -0.13909727, 0.6489693, -0.92694974)
joint_offset = Transform3D(1, 0, 0, 0, 1, 0, 0, 0, 1, -0.0016893857, 0.0003578749, 0.19588967)
body_offset = Transform3D(1.0000002, 0.00027765334, 0.0002283305, 0.00022760779, 0.0026352704, -0.9999967, -0.0002782587, 0.99999666, 0.002635032, 0.0016445592, 0.19588846, -0.00087451935)

[node name="Physical Bone mixamorig6_RightFoot" parent="LeanAndRotationPoint/IKCharacterMesh/MixamoRacer/Skeleton3D/PhysicalBoneSimulator3D" index="15"]
transform = Transform3D(-0.9851945, -0.035856325, 0.1676497, 0.16915105, -0.04399385, 0.98460793, -0.027928863, 0.9983882, 0.049407624, -0.16626787, 0.4466125, -1.1009278)
joint_offset = Transform3D(1, 0, 0, 0, 1, 0, 0, 0, 1, 0.00085272134, 0.0029265848, 0.10387947)
body_offset = Transform3D(0.9999997, 0.0006813854, -0.000885491, -0.00089019723, 0.007003434, -0.99997526, -0.000675112, 0.9999753, 0.007004168, -0.00076273084, 0.10385716, -0.0036535263)

[node name="HeadTarget" parent="LeanAndRotationPoint/IKCharacterMesh/Targets" index="0"]
transform = Transform3D(0.99999994, -7.239909e-08, 1.3150904e-08, 7.1266e-08, 0.9084063, -0.41808897, 1.8322892e-08, 0.41808906, 0.9084061, 0, 1.7771792, 0)

[node name="LeftArmTarget" parent="LeanAndRotationPoint/IKCharacterMesh/Targets" index="1"]
transform = Transform3D(0.3579994, -0.93358016, -0.016309597, 0.93356377, 0.35820627, -0.012218971, 0.01724959, -0.010851652, 0.9997927, 0.17065138, 0.54643035, 0.28627902)

[node name="RightArmTarget" parent="LeanAndRotationPoint/IKCharacterMesh/Targets" index="2"]
transform = Transform3D(0.89618826, -0.3793981, 0.23000728, 0.21667142, -0.078135364, -0.9731133, 0.38716853, 0.9219289, 0.012180735, -0.171, 0.546, 0.286)

[node name="ButtTarget" parent="LeanAndRotationPoint/IKCharacterMesh/Targets" index="3"]
transform = Transform3D(0.9972978, -0.047047734, -0.05641314, 0.011882779, 0.86118686, -0.5081482, 0.07248954, 0.5061049, 0.8594194, 8.562988e-08, 0.64300925, -0.23276967)

[node name="LeftLegTarget" parent="LeanAndRotationPoint/IKCharacterMesh/Targets" index="4"]
transform = Transform3D(-0.9942024, -0.035288613, -0.101570226, -0.059410848, -0.6070492, 0.7924391, -0.08962238, 0.7938791, 0.6014333, 0.19855502, 0.28965372, -0.018588275)

[node name="RightLegTarget" parent="LeanAndRotationPoint/IKCharacterMesh/Targets" index="5"]
transform = Transform3D(-0.9905657, -0.062187843, -0.12210242, -0.059539583, -0.60723275, 0.7922895, -0.12341524, 0.79208636, 0.59780204, -0.199, 0.29, -0.019)

[node name="CrashCamPosition" type="SpringArm3D" parent="LeanAndRotationPoint/IKCharacterMesh"]
unique_name_in_owner = true
transform = Transform3D(0.99999994, 2.0736334e-07, 9.599724e-08, 1.4939812e-07, -0.9111905, 0.41198504, 1.7290242e-07, -0.41198495, -0.9111905, 4.8273824e-07, 2.942359, -3.3534045)
spring_length = 1.5

[node name="CrashingCamera" type="Camera3D" parent="LeanAndRotationPoint/IKCharacterMesh/CrashCamPosition"]
unique_name_in_owner = true
fov = 70.0

[node name="BikeMesh" type="Node3D" parent="LeanAndRotationPoint"]
unique_name_in_owner = true
transform = Transform3D(0.99999994, 0, 0, 0, 0.99999994, 0, 0, 0, 1, 0, 0, 0)

[node name="BikeMods" type="Node3D" parent="LeanAndRotationPoint"]
unique_name_in_owner = true

[node name="TrainingWheels" type="Node3D" parent="LeanAndRotationPoint/BikeMods"]
unique_name_in_owner = true

[node name="RightTrainingWheel" parent="LeanAndRotationPoint/BikeMods/TrainingWheels" instance=ExtResource("7_l0owt")]
unique_name_in_owner = true
transform = Transform3D(0.9999993, 0, 0, 0, 0.9999993, 0, 0, 0, 1, 0.14147586, 0.36311164, 0.28588367)
is_left_wheel = false

[node name="LeftTrainingWheel" parent="LeanAndRotationPoint/BikeMods/TrainingWheels" instance=ExtResource("7_l0owt")]
unique_name_in_owner = true
transform = Transform3D(-0.9999998, 0, -8.7422755e-08, 0, 0.9999998, 0, 8.742278e-08, 0, -1, -0.14099997, 0.36299995, 0.2855776)

[node name="Essentials" type="Node3D" parent="LeanAndRotationPoint/BikeMods"]

[node name="TailLight" parent="LeanAndRotationPoint/BikeMods/Essentials" instance=ExtResource("5_kpend")]
unique_name_in_owner = true
transform = Transform3D(0.45999983, 0, 0, 0, 0.78499967, 0, 0, 0, 1, 0, 0.6068034, 0.6271917)

[node name="WheelMarkers" type="Node3D" parent="LeanAndRotationPoint"]

[node name="FrontWheelMarker" type="Marker3D" parent="LeanAndRotationPoint/WheelMarkers"]
transform = Transform3D(1, 0, 0, 0, 1, 0, 0, 0, 1, 0, 0, -0.6935269)

[node name="RearWheelMarker" type="Marker3D" parent="LeanAndRotationPoint/WheelMarkers"]
transform = Transform3D(1, 0, 0, 0, 1, 0, 0, 0, 1, 0, 0, 0.7299706)

[node name="CameraRotateNode" type="Node3D" parent="."]
unique_name_in_owner = true

[node name="RidingCamPosition" type="SpringArm3D" parent="CameraRotateNode"]
unique_name_in_owner = true
transform = Transform3D(0.9919055, 0.011276588, -0.12647632, -9.313226e-10, 0.9960488, 0.08880738, 0.12697804, -0.08808853, 0.9879863, -0.14068353, 1.6460282, 1.3987733)
spring_length = 1.5

[node name="RidingCamera" type="Camera3D" parent="CameraRotateNode/RidingCamPosition"]
unique_name_in_owner = true
fov = 70.0

[node name="AnimationPlayer" type="AnimationPlayer" parent="."]
unique_name_in_owner = true
libraries = {
&"": SubResource("AnimationLibrary_8fp08"),
&"dirt_bike": ExtResource("6_x2eqs"),
&"pocket_bike": ExtResource("10_l0owt"),
&"sport_bike": ExtResource("5_voh27")
}

[node name="FunctionalityComponents" type="Node" parent="."]
unique_name_in_owner = true

[node name="BikeAnimation" type="Node3D" parent="FunctionalityComponents"]
unique_name_in_owner = true
script = ExtResource("6_voh27")

[node name="BikeInput" type="Node3D" parent="FunctionalityComponents"]
unique_name_in_owner = true
script = ExtResource("13_input")

[node name="BikePhysics" type="Node3D" parent="FunctionalityComponents"]
unique_name_in_owner = true
script = ExtResource("8_physics")

[node name="BikeGearing" type="Node3D" parent="FunctionalityComponents"]
unique_name_in_owner = true
script = ExtResource("5_gearing")

[node name="BikeTricks" type="Node3D" parent="FunctionalityComponents"]
unique_name_in_owner = true
script = ExtResource("7_tricks")

[node name="BikeCrash" type="Node3D" parent="FunctionalityComponents"]
unique_name_in_owner = true
script = ExtResource("9_crash")

[node name="BikeAudio" type="Node3D" parent="FunctionalityComponents"]
unique_name_in_owner = true
script = ExtResource("10_audio")

[node name="BikeUI" type="Node3D" parent="FunctionalityComponents"]
unique_name_in_owner = true
script = ExtResource("11_ui")

[node name="BikeCamera" type="Node3D" parent="FunctionalityComponents"]
unique_name_in_owner = true
script = ExtResource("17_kpend")

[node name="Sounds" type="Node" parent="."]

[node name="EngineSound" type="AudioStreamPlayer" parent="Sounds"]
unique_name_in_owner = true
stream = ExtResource("19_q0gqt")
volume_db = -25.0
pitch_scale = 0.49

[node name="TireScreechSound" type="AudioStreamPlayer" parent="Sounds"]
unique_name_in_owner = true
stream = ExtResource("11_pgn4o")
volume_db = -15.0
pitch_scale = 0.9

[node name="EngineGrindSound" type="AudioStreamPlayer" parent="Sounds"]
unique_name_in_owner = true
stream = ExtResource("12_pgn4o")
volume_db = -10.0

[node name="ExhaustPopsSound" type="AudioStreamPlayer" parent="Sounds"]
unique_name_in_owner = true
stream = ExtResource("12_nkid5")
volume_db = 2.5

[node name="NOSSound" type="AudioStreamPlayer" parent="Sounds"]
unique_name_in_owner = true
stream = ExtResource("17_fm7or")
volume_db = -20.0

[node name="BikeMarkers" type="Node3D" parent="."]

[node name="RearWheelMarker" type="Marker3D" parent="BikeMarkers"]
unique_name_in_owner = true
transform = Transform3D(1, 0, 0, 0, 1, 0, 0, 0, 1, 0, 0, 0.68403995)

[node name="FrontWheelMarker" type="Marker3D" parent="BikeMarkers"]
unique_name_in_owner = true
transform = Transform3D(1, 0, 0, 0, 1, 0, 0, 0, 1, 0, 0, -0.7181249)

[node name="OriginMarker" type="Marker3D" parent="BikeMarkers"]
unique_name_in_owner = true

[node name="SpeedLinesEffect" type="ColorRect" parent="."]
unique_name_in_owner = true
visible = false
material = ExtResource("14_speedlines")
anchors_preset = 15
anchor_right = 1.0
anchor_bottom = 1.0
grow_horizontal = 2
grow_vertical = 2
size_flags_horizontal = 3
size_flags_vertical = 3
mouse_filter = 2
color = Color(0, 0, 0, 1)

[node name="MotoUI" type="MarginContainer" parent="."]
anchors_preset = 15
anchor_right = 1.0
anchor_bottom = 1.0
grow_horizontal = 2
grow_vertical = 2
theme_override_constants/margin_left = 64
theme_override_constants/margin_top = 64
theme_override_constants/margin_right = 64
theme_override_constants/margin_bottom = 64

[node name="VBoxContainer" type="VBoxContainer" parent="MotoUI"]
layout_mode = 2
size_flags_horizontal = 8
size_flags_vertical = 4

[node name="GearLabel" type="Label" parent="MotoUI/VBoxContainer"]
unique_name_in_owner = true
layout_mode = 2
size_flags_horizontal = 8
theme_override_font_sizes/font_size = 24
text = "Gear:"

[node name="SpeedLabel" type="Label" parent="MotoUI/VBoxContainer"]
unique_name_in_owner = true
layout_mode = 2
size_flags_horizontal = 8
theme_override_font_sizes/font_size = 24
text = "Speed:"

[node name="HBoxContainer" type="HBoxContainer" parent="MotoUI/VBoxContainer"]
layout_mode = 2
alignment = 2

[node name="Label" type="Label" parent="MotoUI/VBoxContainer/HBoxContainer"]
layout_mode = 2
theme_override_font_sizes/font_size = 24
text = "Throttle"

[node name="ThrottleBar" type="ProgressBar" parent="MotoUI/VBoxContainer/HBoxContainer"]
unique_name_in_owner = true
custom_minimum_size = Vector2(100, 12)
layout_mode = 2
size_flags_horizontal = 8
size_flags_vertical = 1
max_value = 1.0
show_percentage = false

[node name="HBoxContainer2" type="HBoxContainer" parent="MotoUI/VBoxContainer"]
layout_mode = 2
alignment = 2

[node name="Label2" type="Label" parent="MotoUI/VBoxContainer/HBoxContainer2"]
layout_mode = 2
theme_override_font_sizes/font_size = 24
text = "RPM"

[node name="RPMBar" type="ProgressBar" parent="MotoUI/VBoxContainer/HBoxContainer2"]
unique_name_in_owner = true
custom_minimum_size = Vector2(100, 12)
layout_mode = 2
size_flags_horizontal = 8
size_flags_vertical = 1
max_value = 1.0
show_percentage = false

[node name="HBoxContainer3" type="HBoxContainer" parent="MotoUI/VBoxContainer"]
layout_mode = 2
alignment = 2

[node name="Label3" type="Label" parent="MotoUI/VBoxContainer/HBoxContainer3"]
layout_mode = 2
theme_override_font_sizes/font_size = 24
text = "BrakeDanger"

[node name="BrakeDangerBar" type="ProgressBar" parent="MotoUI/VBoxContainer/HBoxContainer3"]
unique_name_in_owner = true
custom_minimum_size = Vector2(100, 12)
layout_mode = 2
size_flags_horizontal = 8
size_flags_vertical = 1
max_value = 1.0
show_percentage = false

[node name="HBoxContainer4" type="HBoxContainer" parent="MotoUI/VBoxContainer"]
layout_mode = 2
alignment = 2

[node name="Label4" type="Label" parent="MotoUI/VBoxContainer/HBoxContainer4"]
layout_mode = 2
theme_override_font_sizes/font_size = 24
text = "Clutch"

[node name="ClutchBar" type="ProgressBar" parent="MotoUI/VBoxContainer/HBoxContainer4"]
unique_name_in_owner = true
custom_minimum_size = Vector2(100, 12)
layout_mode = 2
size_flags_horizontal = 8
size_flags_vertical = 1
max_value = 1.0
show_percentage = false

[node name="DifficultyLabel" type="Label" parent="MotoUI/VBoxContainer"]
unique_name_in_owner = true
layout_mode = 2
size_flags_horizontal = 8
theme_override_font_sizes/font_size = 24
text = "Easy"

[node name="BoostLabel" type="Label" parent="MotoUI/VBoxContainer"]
unique_name_in_owner = true
layout_mode = 2
size_flags_horizontal = 8
theme_override_font_sizes/font_size = 24
text = "Boost: 2"

[node name="VBoxContainer2" type="VBoxContainer" parent="MotoUI"]
layout_mode = 2
size_flags_horizontal = 4
size_flags_vertical = 0

[node name="ScoreLabel" type="Label" parent="MotoUI/VBoxContainer2"]
unique_name_in_owner = true
layout_mode = 2
size_flags_horizontal = 8
theme_override_colors/font_color = Color(1, 0.85, 0.2, 1)
theme_override_font_sizes/font_size = 28
text = "Score: 0"

[node name="BoostToast" type="Label" parent="MotoUI/VBoxContainer2"]
unique_name_in_owner = true
layout_mode = 2
theme_override_colors/font_color = Color(0.2, 1, 0.4, 1)
theme_override_font_sizes/font_size = 24
text = "+1 Boost!"
horizontal_alignment = 1
vertical_alignment = 1

[node name="TrickLabel" type="Label" parent="MotoUI/VBoxContainer2"]
unique_name_in_owner = true
layout_mode = 2
size_flags_horizontal = 8
theme_override_colors/font_color = Color(0.4, 1, 0.6, 1)
theme_override_font_sizes/font_size = 24
text = "Trick Name +100"

[node name="ComboLabel" type="Label" parent="MotoUI/VBoxContainer2"]
unique_name_in_owner = true
layout_mode = 2
size_flags_horizontal = 8
theme_override_colors/font_color = Color(1, 0.5, 0.2, 1)
theme_override_font_sizes/font_size = 20
text = "x1.00 (0)"

[node name="TrickFeedLabel" type="Label" parent="MotoUI/VBoxContainer2"]
unique_name_in_owner = true
layout_mode = 2
size_flags_horizontal = 8
theme_override_colors/font_color = Color(0.8, 0.9, 1, 1)
theme_override_font_sizes/font_size = 18

[node name="RespawnLabel" type="Label" parent="MotoUI"]
unique_name_in_owner = true
layout_mode = 2
size_flags_horizontal = 4
theme_override_font_sizes/font_size = 24
text = "Press Start to Respawn"

[node name="debug" type="VBoxContainer" parent="MotoUI"]
layout_mode = 2
size_flags_horizontal = 0
size_flags_vertical = 4

[node name="Label" type="Label" parent="MotoUI/debug"]
layout_mode = 2
text = "DEBUG:"

[node name="DBGPlayerState" type="Label" parent="MotoUI/debug"]
unique_name_in_owner = true
layout_mode = 2
text = "PlayerState: "

[editable path="LeanAndRotationPoint/IKCharacterMesh"]
[editable path="LeanAndRotationPoint/IKCharacterMesh/MixamoRacer"]
