[gd_scene load_steps=29 format=3 uid="uid://bmqevs0vheol7"]

[ext_resource type="Script" uid="uid://c331s8cm2gjtp" path="res://scenes/bike/player_controller.gd" id="1_5uol1"]
[ext_resource type="PackedScene" uid="uid://bkehfbgcj2elg" path="res://assets/bikes/GoogleMotorcycleSportbike.glb" id="1_ujl86"]
[ext_resource type="PackedScene" uid="uid://gobjlpuvfmm8" path="res://scenes/character/ik_char_mesh.tscn" id="2_wi4rf"]
[ext_resource type="Material" uid="uid://bfxhki5bfmyn1" path="res://assets/materials/tail_light_material.tres" id="3_n1tms"]
[ext_resource type="Script" uid="uid://l500tpp42su8" path="res://scenes/bike/components/bike_gearing.gd" id="5_gearing"]
[ext_resource type="PackedScene" uid="uid://bn73ermusily2" path="res://scenes/bike/mods/training_wheels_mod.tscn" id="5_voh27"]
[ext_resource type="Script" uid="uid://jx4j084pg5ad" path="res://scenes/bike/components/bike_animation.gd" id="6_voh27"]
[ext_resource type="Script" uid="uid://bpqhimqk1dt2d" path="res://scenes/bike/components/bike_tricks.gd" id="7_tricks"]
[ext_resource type="Script" uid="uid://cgy5mk1x6lanu" path="res://scenes/bike/components/bike_physics.gd" id="8_physics"]
[ext_resource type="Script" uid="uid://bbk0xwdxhsifa" path="res://scenes/bike/components/bike_crash.gd" id="9_crash"]
[ext_resource type="Script" uid="uid://b662mtkdepm0j" path="res://scenes/bike/components/bike_audio.gd" id="10_audio"]
[ext_resource type="AudioStream" uid="uid://dn6ey2jxm33vt" path="res://assets/sounds/motorcycle-stable-rpm.ogg" id="10_t042m"]
[ext_resource type="AudioStream" uid="uid://c61khm016rfjr" path="res://assets/sounds/tire-screech-short.ogg" id="11_pgn4o"]
[ext_resource type="Script" uid="uid://pc1xy500s1vu" path="res://scenes/bike/components/bike_ui.gd" id="11_ui"]
[ext_resource type="AudioStream" uid="uid://fghbqufnqde0" path="res://assets/sounds/exhaust-pops.ogg" id="12_nkid5"]
[ext_resource type="AudioStream" uid="uid://tkuif41xejv4" path="res://assets/sounds/grinding-gear.ogg" id="12_pgn4o"]
[ext_resource type="Script" uid="uid://deoncd44247pm" path="res://scenes/bike/components/bike_input.gd" id="13_input"]
[ext_resource type="Material" uid="uid://dddd4ebearn7x" path="res://assets/materials/speed_lines_material.tres" id="14_speedlines"]
[ext_resource type="AudioStream" uid="uid://7duowi0k1kbh" path="res://assets/sounds/nos-sfx.mp3" id="17_fm7or"]

[sub_resource type="CapsuleShape3D" id="CapsuleShape3D_nkid5"]
radius = 0.35
height = 2.3

[sub_resource type="BoxMesh" id="BoxMesh_sdhfr"]
size = Vector3(0.3, 0.055, 0.05)

[sub_resource type="Animation" id="Animation_262bm"]
length = 0.001
tracks/0/type = "value"
tracks/0/imported = false
tracks/0/enabled = true
tracks/0/path = NodePath("LeanAndRotationPoint/IKCharacterMesh/Targets/ButtTarget:position")
tracks/0/interp = 1
tracks/0/loop_wrap = true
tracks/0/keys = {
"times": PackedFloat32Array(0),
"transitions": PackedFloat32Array(1),
"update": 0,
"values": [Vector3(2.769973e-08, 0.98623186, -0.35969338)]
}
tracks/1/type = "value"
tracks/1/imported = false
tracks/1/enabled = true
tracks/1/path = NodePath("LeanAndRotationPoint/IKCharacterMesh/Targets/HeadTarget:rotation")
tracks/1/interp = 1
tracks/1/loop_wrap = true
tracks/1/keys = {
"times": PackedFloat32Array(0),
"transitions": PackedFloat32Array(1),
"update": 0,
"values": [Vector3(0.43134058, 1.4476901e-08, 7.8451706e-08)]
}
tracks/2/type = "value"
tracks/2/imported = false
tracks/2/enabled = true
tracks/2/path = NodePath("LeanAndRotationPoint/IKCharacterMesh/Targets/LeftArmTarget:position")
tracks/2/interp = 1
tracks/2/loop_wrap = true
tracks/2/keys = {
"times": PackedFloat32Array(0),
"transitions": PackedFloat32Array(1),
"update": 0,
"values": [Vector3(0.284, 0.9407963, 0.42305174)]
}
tracks/3/type = "value"
tracks/3/imported = false
tracks/3/enabled = true
tracks/3/path = NodePath("LeanAndRotationPoint/IKCharacterMesh/Targets/RightArmTarget:position")
tracks/3/interp = 1
tracks/3/loop_wrap = true
tracks/3/keys = {
"times": PackedFloat32Array(0),
"transitions": PackedFloat32Array(1),
"update": 0,
"values": [Vector3(-0.284, 0.90103054, 0.44884363)]
}
tracks/4/type = "value"
tracks/4/imported = false
tracks/4/enabled = true
tracks/4/path = NodePath("LeanAndRotationPoint/IKCharacterMesh/Targets/LeftArmTarget:rotation")
tracks/4/interp = 1
tracks/4/loop_wrap = true
tracks/4/keys = {
"times": PackedFloat32Array(0),
"transitions": PackedFloat32Array(1),
"update": 0,
"values": [Vector3(-0.5337216, 1.0176142, -1.1505777e-07)]
}
tracks/5/type = "value"
tracks/5/imported = false
tracks/5/enabled = true
tracks/5/path = NodePath("LeanAndRotationPoint/IKCharacterMesh/Targets/RightArmTarget:rotation")
tracks/5/interp = 1
tracks/5/loop_wrap = true
tracks/5/keys = {
"times": PackedFloat32Array(0),
"transitions": PackedFloat32Array(1),
"update": 0,
"values": [Vector3(1.1478428, 2.5467584, 2.9892645)]
}

[sub_resource type="Animation" id="Animation_wi4rf"]
resource_name = "lean_left"
length = 0.4
tracks/0/type = "value"
tracks/0/imported = false
tracks/0/enabled = true
tracks/0/path = NodePath("LeanAndRotationPoint/IKCharacterMesh/Targets/ButtTarget:position")
tracks/0/interp = 1
tracks/0/loop_wrap = true
tracks/0/keys = {
"times": PackedFloat32Array(0, 0.4),
"transitions": PackedFloat32Array(1, 1),
"update": 0,
"values": [Vector3(2.769973e-08, 0.98623186, -0.35969338), Vector3(0.25, 0.986, -0.36)]
}

[sub_resource type="Animation" id="Animation_fm7or"]
resource_name = "lean_right"
length = 0.4
tracks/0/type = "value"
tracks/0/imported = false
tracks/0/enabled = true
tracks/0/path = NodePath("LeanAndRotationPoint/IKCharacterMesh/Targets/ButtTarget:position")
tracks/0/interp = 1
tracks/0/loop_wrap = true
tracks/0/keys = {
"times": PackedFloat32Array(0, 0.4),
"transitions": PackedFloat32Array(1, 1),
"update": 0,
"values": [Vector3(2.769973e-08, 0.98623186, -0.35969338), Vector3(-0.25, 0.986, -0.36)]
}

[sub_resource type="Animation" id="Animation_x2eqs"]
resource_name = "naruto_run_loop"
length = 0.4
loop_mode = 1
step = 0.01
tracks/0/type = "value"
tracks/0/imported = false
tracks/0/enabled = true
tracks/0/path = NodePath("LeanAndRotationPoint/IKCharacterMesh/Targets/LeftArmTarget:position")
tracks/0/interp = 1
tracks/0/loop_wrap = true
tracks/0/keys = {
"times": PackedFloat32Array(0, 0.1, 0.2, 0.3, 0.4),
"transitions": PackedFloat32Array(1, 1, 1, 1, 1),
"update": 0,
"values": [Vector3(0.389, 1.351, -0.572), Vector3(0.389, 1.1732985, -0.572), Vector3(0.389, 1.351, -0.572), Vector3(0.389, 1.1732985, -0.572), Vector3(0.389, 1.351, -0.572)]
}
tracks/1/type = "value"
tracks/1/imported = false
tracks/1/enabled = true
tracks/1/path = NodePath("LeanAndRotationPoint/IKCharacterMesh/Targets/RightArmTarget:position")
tracks/1/interp = 1
tracks/1/loop_wrap = true
tracks/1/keys = {
"times": PackedFloat32Array(0, 0.1, 0.2, 0.3, 0.4),
"transitions": PackedFloat32Array(1, 1, 1, 1, 1),
"update": 0,
"values": [Vector3(-0.389, 1.351, -0.572), Vector3(-0.389, 1.1732985, -0.572), Vector3(-0.389, 1.351, -0.572), Vector3(-0.389, 1.1732985, -0.572), Vector3(-0.389, 1.351, -0.572)]
}

[sub_resource type="Animation" id="Animation_f1dwp"]
resource_name = "naruto_run_start"
length = 0.25
step = 0.01
tracks/0/type = "value"
tracks/0/imported = false
tracks/0/enabled = true
tracks/0/path = NodePath("LeanAndRotationPoint/IKCharacterMesh/Targets/LeftArmTarget:position")
tracks/0/interp = 1
tracks/0/loop_wrap = true
tracks/0/keys = {
"times": PackedFloat32Array(0, 0.25),
"transitions": PackedFloat32Array(1, 1),
"update": 0,
"values": [Vector3(0.284, 0.9407963, 0.42305174), Vector3(0.389, 1.351, -0.572)]
}
tracks/1/type = "value"
tracks/1/imported = false
tracks/1/enabled = true
tracks/1/path = NodePath("LeanAndRotationPoint/IKCharacterMesh/Targets/RightArmTarget:position")
tracks/1/interp = 1
tracks/1/loop_wrap = true
tracks/1/keys = {
"times": PackedFloat32Array(0, 0.25),
"transitions": PackedFloat32Array(1, 1),
"update": 0,
"values": [Vector3(-0.284, 0.90103054, 0.44884363), Vector3(-0.389, 1.351, -0.572)]
}
tracks/2/type = "value"
tracks/2/imported = false
tracks/2/enabled = true
tracks/2/path = NodePath("LeanAndRotationPoint/IKCharacterMesh/Targets/LeftArmTarget:rotation")
tracks/2/interp = 1
tracks/2/loop_wrap = true
tracks/2/keys = {
"times": PackedFloat32Array(0, 0.25),
"transitions": PackedFloat32Array(1, 1),
"update": 0,
"values": [Vector3(-0.5337216, 1.0176142, -1.1505777e-07), Vector3(1.9355701, 1.017527, -0.6981317)]
}
tracks/3/type = "value"
tracks/3/imported = false
tracks/3/enabled = true
tracks/3/path = NodePath("LeanAndRotationPoint/IKCharacterMesh/Targets/RightArmTarget:rotation")
tracks/3/interp = 1
tracks/3/loop_wrap = true
tracks/3/keys = {
"times": PackedFloat32Array(0, 0.25),
"transitions": PackedFloat32Array(1, 1),
"update": 0,
"values": [Vector3(1.1478428, 2.5467584, 2.9892645), Vector3(-1.4119713, 2.5464354, 3.9200096)]
}

[sub_resource type="Animation" id="Animation_voh27"]
resource_name = "snap_neck"
length = 0.4
tracks/0/type = "value"
tracks/0/imported = false
tracks/0/enabled = true
tracks/0/path = NodePath("LeanAndRotationPoint/IKCharacterMesh/Targets/HeadTarget:rotation")
tracks/0/interp = 1
tracks/0/loop_wrap = true
tracks/0/keys = {
"times": PackedFloat32Array(0, 0.4),
"transitions": PackedFloat32Array(1, 1),
"update": 0,
"values": [Vector3(0.43134058, 1.4476901e-08, 7.8451706e-08), Vector3(-2.1031218, 6.2831855, 0)]
}

[sub_resource type="AnimationLibrary" id="AnimationLibrary_fm7or"]
_data = {
&"RESET": SubResource("Animation_262bm"),
&"lean_left": SubResource("Animation_wi4rf"),
&"lean_right": SubResource("Animation_fm7or"),
&"naruto_run_loop": SubResource("Animation_x2eqs"),
&"naruto_run_start": SubResource("Animation_f1dwp"),
&"snap_neck": SubResource("Animation_voh27")
}

[node name="PlayerController" type="CharacterBody3D"]
collision_mask = 3
script = ExtResource("1_5uol1")

[node name="CollisionShape3D" type="CollisionShape3D" parent="."]
transform = Transform3D(1, 0, 0, 0, -4.371139e-08, 1, 0, -1, -4.371139e-08, 0, 0.35, 0)
shape = SubResource("CapsuleShape3D_nkid5")

[node name="LeanAndRotationPoint" type="Node3D" parent="."]
unique_name_in_owner = true

[node name="BikeMesh" type="Node3D" parent="LeanAndRotationPoint"]
unique_name_in_owner = true

[node name="BikeItself" type="Node3D" parent="LeanAndRotationPoint/BikeMesh"]
unique_name_in_owner = true

[node name="GoogleMotorcycleSportbike" parent="LeanAndRotationPoint/BikeMesh/BikeItself" instance=ExtResource("1_ujl86")]
transform = Transform3D(0.018, 0, 0, 0, 0.018, 0, 0, 0, 0.018, 0, 0, 0)

[node name="TailLight" type="MeshInstance3D" parent="LeanAndRotationPoint/BikeMesh"]
unique_name_in_owner = true
transform = Transform3D(1, 0, 0, 0, 1, 0, 0, 0, 1, 0, 0.94790524, 0.958052)
mesh = SubResource("BoxMesh_sdhfr")
surface_material_override/0 = ExtResource("3_n1tms")

[node name="Mods" type="Node3D" parent="LeanAndRotationPoint/BikeMesh"]

[node name="TrainingWheels" type="Node3D" parent="LeanAndRotationPoint/BikeMesh/Mods"]
unique_name_in_owner = true
transform = Transform3D(1, 0, 0, 0, 1, 0, 0, 0, 1, 0, 0.07463604, 0.68403995)
visible = false

[node name="TrainingWheelsMod" parent="LeanAndRotationPoint/BikeMesh/Mods/TrainingWheels" instance=ExtResource("5_voh27")]
transform = Transform3D(1, 0, 0, 0, 1, 0, 0, 0, 1, 0.15, 0.335, 0.117)
is_left_wheel = false

[node name="TrainingWheelsMod2" parent="LeanAndRotationPoint/BikeMesh/Mods/TrainingWheels" instance=ExtResource("5_voh27")]
transform = Transform3D(-1, 0, -8.742278e-08, 0, 1, 0, 8.742278e-08, 0, -1, -0.15, 0.335, 0.117)

[node name="IKCharacterMesh" parent="LeanAndRotationPoint" instance=ExtResource("2_wi4rf")]
unique_name_in_owner = true
transform = Transform3D(-1, 0, -1.509958e-07, 0, 1, 0, 1.509958e-07, 0, -1, 0, 0, 0)
left_leg_magnet = Vector3(1, 0, 1)
right_leg_magnet = Vector3(-1, 0, 1)

[node name="Skeleton3D" parent="LeanAndRotationPoint/IKCharacterMesh/MixamoRacer" index="0"]
bones/0/position = Vector3(2.769973e-08, 0.98623186, -0.35969338)
bones/0/rotation = Quaternion(0.46173313, 8.114458e-09, 4.276859e-08, 0.88701886)
bones/8/position = Vector3(1.5199184e-06, 0.1310766, 5.6028366e-06)
bones/8/rotation = Quaternion(0.46174, -0.23288499, 0.40978566, 0.75142294)
bones/8/scale = Vector3(0.99952495, 0.999525, 0.99952507)
bones/9/position = Vector3(-1.5616417e-05, 0.27071893, 3.7550926e-06)
bones/9/rotation = Quaternion(-0.0023527467, 0.15604937, 0.0021566802, 0.9877441)
bones/9/scale = Vector3(0.99995863, 0.99995834, 0.99995863)
bones/10/position = Vector3(1.013279e-06, 0.25567788, 5.364418e-06)
bones/10/rotation = Quaternion(0.03195961, -0.2950585, 0.287866, 0.91052306)
bones/10/scale = Vector3(0.9999232, 0.9999287, 0.999921)
bones/32/position = Vector3(-5.9604645e-08, 0.13107663, -2.6226044e-06)
bones/32/rotation = Quaternion(0.4878232, 0.16656098, -0.51262414, 0.6866604)
bones/32/scale = Vector3(1.0001338, 1.0001336, 1.0001339)
bones/33/position = Vector3(6.3180923e-06, 0.2706902, 3.7252903e-07)
bones/33/rotation = Quaternion(-0.0014275142, -0.21821593, -0.00333457, 0.9758938)
bones/33/scale = Vector3(1.0000056, 1.0000056, 1.0000056)
bones/34/position = Vector3(1.7881393e-06, 0.25565445, -2.7418137e-06)
bones/34/rotation = Quaternion(-0.004041599, 0.17451538, -0.24058597, 0.95480174)
bones/34/scale = Vector3(0.99983805, 0.9997685, 0.9998116)

[node name="LeftArmIK" parent="LeanAndRotationPoint/IKCharacterMesh/MixamoRacer/Skeleton3D" index="1"]
target = Transform3D(-0.08169469, -0.027651627, -0.9962736, 0.98497635, -0.15483423, -0.0764709, -0.15214273, -0.9875532, 0.039885372, -0.95111763, 0.60892016, 0.40098357)
override_tip_basis = false
use_magnet = false

[node name="RightArmIK" parent="LeanAndRotationPoint/IKCharacterMesh/MixamoRacer/Skeleton3D" index="2"]
target = Transform3D(-0.04889248, 0.92596906, -0.37442094, -0.52059925, -0.3435467, -0.78163445, -0.85240024, 0.15670708, 0.49885568, 0.9806601, 0.12702164, 0.55838567)

[node name="LeftLegIK" parent="LeanAndRotationPoint/IKCharacterMesh/MixamoRacer/Skeleton3D" index="3"]
target = Transform3D(-0.9982336, 0.03612911, -0.047162842, -0.059410855, -0.60704976, 0.7924393, -6.939984e-08, 0.7938415, 0.60812396, 0.2375038, 0.39871255, -0.17106614)
magnet = Vector3(1, 0, 1)

[node name="RightLegIK" parent="LeanAndRotationPoint/IKCharacterMesh/MixamoRacer/Skeleton3D" index="4"]
target = Transform3D(-0.9982256, 0.036801673, -0.046809737, -0.05953972, -0.60723305, 0.7922895, 0.0007331595, 0.7936708, 0.60834676, -0.238, 0.399, -0.171)
magnet = Vector3(-1, 0, 1)

[node name="HeadIK" parent="LeanAndRotationPoint/IKCharacterMesh/MixamoRacer/Skeleton3D" index="5"]
target = Transform3D(1, 1.274684e-08, 9.343069e-10, -1.274684e-08, 0.9893129, 0.14580679, 9.342784e-10, -0.14580679, 0.9893129, -1.8309903e-07, 1.7583534, 0.73081344)

[node name="Physical Bone mixamorig6_Hips" parent="LeanAndRotationPoint/IKCharacterMesh/MixamoRacer/Skeleton3D/PhysicalBoneSimulator3D" index="0"]
transform = Transform3D(1, 4.709063e-08, 7.322871e-08, 8.3366416e-08, -0.76040137, -0.6494535, 2.5100036e-08, 0.6494535, -0.76040137, 2.8886305e-08, 1.0196265, -0.32059056)
joint_offset = Transform3D(1, 0, 0, 0, 1, 0, 0, 0, 1, -4.9520477e-09, -2.1704473e-06, 0.05142209)
body_offset = Transform3D(1, -1.0658141e-13, -3.5527137e-14, -2.842171e-14, 0.09581822, -0.9953989, 1.2079227e-13, 0.9953989, 0.09581822, 4.9520494e-09, 0.051185697, -0.0049250126)

[node name="Physical Bone mixamorig6_Spine" parent="LeanAndRotationPoint/IKCharacterMesh/MixamoRacer/Skeleton3D/PhysicalBoneSimulator3D" index="1"]
transform = Transform3D(1, 5.0902787e-07, 4.769559e-07, 6.968261e-07, -0.76040214, -0.64945257, 3.2088835e-08, 0.64945257, -0.76040214, 3.0676997e-08, 1.0919847, -0.23587438)
joint_offset = Transform3D(1, 0, 0, 0, 1, 0, 0, 0, 1, -3.91227e-08, 1.06091704e-07, 0.059994154)
body_offset = Transform3D(1, 4.6193708e-07, 4.0372723e-07, 4.0372757e-07, -7.748604e-07, -1.0000001, -4.6193674e-07, 1.0000001, -7.748604e-07, 1.4901374e-08, 0.05999416, -5.9604645e-08)

[node name="Physical Bone mixamorig6_Spine1" parent="LeanAndRotationPoint/IKCharacterMesh/MixamoRacer/Skeleton3D/PhysicalBoneSimulator3D" index="2"]
transform = Transform3D(1, 2.855093e-07, 1.7008604e-07, 3.2756463e-07, -0.76040167, -0.64945316, -5.6091196e-08, 0.64945316, -0.76040167, -1.2016258e-07, 1.1754777, -0.12590551)
joint_offset = Transform3D(1, 0, 0, 0, 1, 0, 0, 0, 1, 1.2056712e-07, -0.007931351, 0.07785999)
body_offset = Transform3D(1, 2.3841852e-07, 9.6857306e-08, 9.6857306e-08, 0, -1.0000001, -2.3841852e-07, 1.0000001, 0, -1.2621746e-07, 0.07786, 0.007931352)

[node name="Physical Bone mixamorig6_Head" parent="LeanAndRotationPoint/IKCharacterMesh/MixamoRacer/Skeleton3D/PhysicalBoneSimulator3D" index="3"]
transform = Transform3D(-1, -3.3309277e-08, 3.4530728e-07, -1.243138e-07, 0.9636828, -0.26704976, -3.2387146e-07, -0.26704976, -0.9636828, -6.351951e-08, 1.3732018, 0.20822115)
joint_offset = Transform3D(1, 0, 0, 0, 1, 0, 0, 0, 1, -1.6684849e-09, -0.003911238, 0.1445295)
body_offset = Transform3D(-1, 4.0326654e-08, 2.9885587e-07, -2.6822087e-07, 0.3340242, -0.9425646, -1.3783557e-07, -0.9425646, -0.3340242, -4.4704255e-08, 0.13753486, 0.044589758)

[node name="Physical Bone mixamorig6_LeftShoulder" parent="LeanAndRotationPoint/IKCharacterMesh/MixamoRacer/Skeleton3D/PhysicalBoneSimulator3D" index="4"]
transform = Transform3D(-0.027132552, -0.26322648, -0.96435255, 0.7597595, -0.6323716, 0.15123385, -0.6496379, -0.7285726, 0.21714668, 0.12511577, 1.3000503, 0.002432448)
joint_offset = Transform3D(1, 0, 0, 0, 1, 0, 0, 0, 1, 1.8182345e-05, 1.8073883e-05, 0.06553349)
body_offset = Transform3D(1, 1.1920929e-07, -4.4703484e-08, -5.9604645e-08, -7.4505806e-08, -1.0000001, -2.3841858e-07, 1, -2.0861626e-07, -1.8179417e-05, 0.0655335, -1.8060207e-05)

[node name="Physical Bone mixamorig6_LeftArm" parent="LeanAndRotationPoint/IKCharacterMesh/MixamoRacer/Skeleton3D/PhysicalBoneSimulator3D" index="5"]
transform = Transform3D(0.17962986, -0.976462, -0.11939478, -0.09903334, -0.13870215, 0.98537004, -0.97873676, -0.1651778, -0.12161733, 0.20446956, 1.1568195, 0.0046293605)
joint_offset = Transform3D(1, 0, 0, 0, 1, 0, 0, 0, 1, 4.7159992e-06, 8.2965e-07, 0.13529855)
body_offset = Transform3D(1.0004755, -4.4435263e-05, -3.311038e-05, -3.3065677e-05, -6.565824e-06, -1.0004753, 4.4479966e-05, 1.0004752, -6.577e-06, -2.3841858e-07, 0.13536286, 5.9604645e-08)

[node name="Physical Bone mixamorig6_LeftHand" parent="LeanAndRotationPoint/IKCharacterMesh/MixamoRacer/Skeleton3D/PhysicalBoneSimulator3D" index="6"]
transform = Transform3D(0.9295685, 0.20893553, 0.3037241, 0.19080989, -0.9776264, 0.08853431, 0.31542665, -0.024345148, -0.9486376, 0.24565259, 0.77015543, 0.07307466)
joint_offset = Transform3D(1, 0, 0, 0, 1, 0, 0, 0, 1, -1.5771948e-06, -1.6051345e-06, 0.020525888)
body_offset = Transform3D(-0.4666596, 0.6087434, 0.6425321, 3.1292439e-06, 0.7263648, -0.6881648, -0.8851097, -0.32094884, -0.33876857, -0.0131883025, 0.01412636, 0.006951615)

[node name="Physical Bone mixamorig6_RightShoulder" parent="LeanAndRotationPoint/IKCharacterMesh/MixamoRacer/Skeleton3D/PhysicalBoneSimulator3D" index="7"]
transform = Transform3D(-0.025735766, 0.2633669, 0.9643524, -0.75979465, -0.63206357, 0.15234132, 0.6496537, -0.72878915, 0.2163714, -0.12512496, 1.2999028, 0.0025365797)
joint_offset = Transform3D(1, 0, 0, 0, 1, 0, 0, 0, 1, -2.1812375e-05, 2.0862586e-05, 0.06554219)
body_offset = Transform3D(1.0000002, 5.364418e-07, -4.4703484e-08, 5.9604645e-08, 7.4505806e-08, -1.0000001, -5.066395e-07, 1.0000002, -1.4901161e-08, 2.18153e-05, 0.0655422, -2.0861626e-05)

[node name="Physical Bone mixamorig6_RightArm" parent="LeanAndRotationPoint/IKCharacterMesh/MixamoRacer/Skeleton3D/PhysicalBoneSimulator3D" index="8"]
transform = Transform3D(0.3196295, 0.9410607, -0.11064271, 0.22491498, 0.038080484, 0.973634, 0.920462, -0.33608732, -0.19948699, -0.1733468, 1.1581209, 0.015339117)
joint_offset = Transform3D(1, 0, 0, 0, 1, 0, 0, 0, 1, -2.1582446e-06, 8.090228e-06, 0.13537282)
body_offset = Transform3D(0.9998665, -0.00020009279, -3.170967e-05, -3.1769276e-05, -1.2010336e-05, -0.9998666, 0.00020006299, 0.99986625, -1.1868775e-05, 6.452203e-06, 0.13535476, -6.482005e-06)

[node name="Physical Bone mixamorig6_RightHand" parent="LeanAndRotationPoint/IKCharacterMesh/MixamoRacer/Skeleton3D/PhysicalBoneSimulator3D" index="9"]
transform = Transform3D(0.6438446, -0.19591968, -0.73964834, -0.24372366, -0.9688247, 0.044469297, -0.7253019, 0.15163848, -0.67152286, -0.1134562, 0.7768093, 0.110012755)
joint_offset = Transform3D(1, 0, 0, 0, 1, 0, 0, 0, 1, 1.9077677e-05, 2.5355257e-07, 0.02214282)
body_offset = Transform3D(-0.48943278, -0.5829724, -0.6485712, -1.1622906e-06, 0.7437861, -0.6685561, 0.8720901, -0.327191, -0.36400974, 0.01437068, 0.014803529, 0.008043647)

[node name="Physical Bone mixamorig6_LeftUpLeg" parent="LeanAndRotationPoint/IKCharacterMesh/MixamoRacer/Skeleton3D/PhysicalBoneSimulator3D" index="10"]
transform = Transform3D(-0.99663746, 6.9319763e-06, -0.081937626, -0.041652378, -0.8611979, 0.50656027, -0.070561, 0.50826985, 0.85830235, 0.108242035, 0.8517102, -0.58303785)
joint_offset = Transform3D(1, 0, 0, 0, 1, 0, 0, 0, 1, -7.1546738e-06, -2.6442517e-06, 0.2044969)
body_offset = Transform3D(1.0000002, -6.9476664e-06, 1.60411e-05, 1.603365e-05, -5.364418e-07, -1.0000002, 6.940216e-06, 1.0000002, -4.7683716e-07, 3.874302e-06, 0.20449695, 2.7418137e-06)

[node name="Physical Bone mixamorig6_LeftLeg" parent="LeanAndRotationPoint/IKCharacterMesh/MixamoRacer/Skeleton3D/PhysicalBoneSimulator3D" index="11"]
transform = Transform3D(-0.99797344, -0.0008400492, -0.06362662, -0.032358043, -0.8542773, 0.51880956, -0.054790605, 0.519817, 0.8525188, 0.13740158, 0.64702463, -0.9246931)
joint_offset = Transform3D(1, 0, 0, 0, 1, 0, 0, 0, 1, 3.8894104e-06, 3.731188e-06, 0.19486903)
body_offset = Transform3D(1.0000005, -1.8335879e-05, -4.4740736e-06, -4.477799e-06, 3.4570694e-06, -1.0000002, 1.8335879e-05, 1.0000004, 3.4868717e-06, -3.0174851e-06, 0.19486907, -4.4107437e-06)

[node name="Physical Bone mixamorig6_LeftFoot" parent="LeanAndRotationPoint/IKCharacterMesh/MixamoRacer/Skeleton3D/PhysicalBoneSimulator3D" index="12"]
transform = Transform3D(-0.98507386, 0.037433412, -0.16801283, -0.16956037, -0.042918254, 0.98458487, 0.02964555, 0.9983771, 0.04862487, 0.16614379, 0.45022088, -1.0956591)
joint_offset = Transform3D(1, 0, 0, 0, 1, 0, 0, 0, 1, 1.8144246e-05, 0.00012148473, 0.09721218)
body_offset = Transform3D(1.0000004, 0.0001504533, -0.00019357842, -0.00019374595, 0.0006535053, -0.99999976, -0.00015036575, 0.99999976, 0.0006535277, 6.556511e-07, 0.097212076, -0.00018501282)

[node name="Physical Bone mixamorig6_RightUpLeg" parent="LeanAndRotationPoint/IKCharacterMesh/MixamoRacer/Skeleton3D/PhysicalBoneSimulator3D" index="13"]
transform = Transform3D(-0.99663603, -1.16961516e-07, 0.08195465, 0.042029817, -0.8584835, 0.511116, 0.07035665, 0.51284117, 0.85559565, -0.10824711, 0.85282916, -0.58383465)
joint_offset = Transform3D(1, 0, 0, 0, 1, 0, 0, 0, 1, -2.6938986e-07, -1.1148714e-07, 0.20442712)
body_offset = Transform3D(1.0000001, -1.4901161e-08, -5.7742e-07, -5.7742e-07, 2.3245811e-06, -1.0000001, 1.4901161e-08, 1.0000001, 2.2947788e-06, 3.874302e-07, 0.20442715, -3.5762787e-07)

[node name="Physical Bone mixamorig6_RightLeg" parent="LeanAndRotationPoint/IKCharacterMesh/MixamoRacer/Skeleton3D/PhysicalBoneSimulator3D" index="14"]
transform = Transform3D(-0.997976, -2.5766658e-05, 0.06359209, 0.03261262, -0.85869104, 0.51145494, 0.05459278, 0.5124936, 0.85695386, -0.13739458, 0.6486283, -0.92581177)
joint_offset = Transform3D(1, 0, 0, 0, 1, 0, 0, 0, 1, 3.292899e-06, -1.389836e-06, 0.19497934)
body_offset = Transform3D(1.0000004, -1.17346644e-07, 2.026558e-06, 2.0191073e-06, -1.4901161e-07, -1.0000001, 1.17346644e-07, 1, -2.0861626e-07, -3.6880374e-06, 0.19497937, 1.4305115e-06)

[node name="Physical Bone mixamorig6_RightFoot" parent="LeanAndRotationPoint/IKCharacterMesh/MixamoRacer/Skeleton3D/PhysicalBoneSimulator3D" index="15"]
transform = Transform3D(-0.9853454, -0.03413723, 0.16711989, 0.16835405, -0.03719384, 0.98502463, -0.027410183, 0.9987249, 0.04239592, -0.16612646, 0.45257425, -1.097042)
joint_offset = Transform3D(1, 0, 0, 0, 1, 0, 0, 0, 1, 1.5037262e-05, -1.0941303e-06, 0.09779623)
body_offset = Transform3D(1.0000002, 0.00012235343, -0.00010195421, -0.00010190345, 3.7439167e-06, -1, -0.00012230128, 1.0000001, 3.8929284e-06, -5.066395e-06, 0.09779623, 7.1525574e-07)

[node name="HeadTarget" parent="LeanAndRotationPoint/IKCharacterMesh/Targets" index="0"]
transform = Transform3D(1, -7.2399075e-08, 1.3150904e-08, 7.126601e-08, 0.9084061, -0.41808897, 1.8322893e-08, 0.41808897, 0.9084061, -1.3219673e-07, 1.452965, 0.39370275)

[node name="LeftArmTarget" parent="LeanAndRotationPoint/IKCharacterMesh/Targets" index="1"]
transform = Transform3D(0.5253975, -0.4328656, 0.73251957, -9.905552e-08, 0.86091954, 0.50874096, -0.850857, -0.26729116, 0.45232502, 0.284, 0.9407963, 0.42305174)

[node name="RightArmTarget" parent="LeanAndRotationPoint/IKCharacterMesh/Targets" index="2"]
transform = Transform3D(0.8961884, -0.37939778, 0.23000747, 0.062282406, -0.4057027, -0.9118803, 0.43928, 0.83154255, -0.33995613, -0.284, 0.90103054, 0.44884363)

[node name="ButtTarget" parent="LeanAndRotationPoint/IKCharacterMesh/Targets" index="3"]
transform = Transform3D(1, -6.837966e-08, 5.3890716e-08, 8.336652e-08, 0.573605, -0.81913203, 2.5099986e-08, 0.81913203, 0.573605, 2.769973e-08, 0.98623186, -0.35969338)

[node name="LeftLegTarget" parent="LeanAndRotationPoint/IKCharacterMesh/Targets" index="4"]
transform = Transform3D(-0.9982336, 0.03612911, -0.047162846, -0.059410863, -0.60704976, 0.7924393, -5.9604645e-08, 0.7938415, 0.60812396, 0.2375038, 0.39871255, -0.17106614)

[node name="RightLegTarget" parent="LeanAndRotationPoint/IKCharacterMesh/Targets" index="5"]
transform = Transform3D(-0.99822557, 0.03680166, -0.046809744, -0.059539717, -0.60723305, 0.7922895, 0.0007331445, 0.79367083, 0.60834676, -0.238, 0.399, -0.171)

[node name="CrashCamPosition" type="SpringArm3D" parent="LeanAndRotationPoint/IKCharacterMesh"]
unique_name_in_owner = true
transform = Transform3D(0.99999994, 2.0736334e-07, 9.599724e-08, 1.4939812e-07, -0.9111905, 0.41198504, 1.7290242e-07, -0.41198495, -0.9111905, 4.8273824e-07, 2.942359, -3.3534045)
spring_length = 1.5

[node name="CrashingCamera" type="Camera3D" parent="LeanAndRotationPoint/IKCharacterMesh/CrashCamPosition"]
unique_name_in_owner = true
fov = 70.0

[node name="RidingCamPosition" type="SpringArm3D" parent="."]
unique_name_in_owner = true
transform = Transform3D(0.9919055, 0.011276588, -0.12647632, -9.313226e-10, 0.9960488, 0.08880738, 0.12697804, -0.08808853, 0.9879863, -0.14068353, 1.6460282, 1.3987733)
spring_length = 1.5

[node name="RidingCamera" type="Camera3D" parent="RidingCamPosition"]
unique_name_in_owner = true
fov = 70.0

[node name="AnimationPlayer" type="AnimationPlayer" parent="."]
unique_name_in_owner = true
libraries = {
&"": SubResource("AnimationLibrary_fm7or")
}

[node name="FunctionalityComponents" type="Node" parent="."]
unique_name_in_owner = true

[node name="BikeAnimation" type="Node" parent="FunctionalityComponents"]
unique_name_in_owner = true
script = ExtResource("6_voh27")

[node name="BikeInput" type="Node" parent="FunctionalityComponents"]
unique_name_in_owner = true
script = ExtResource("13_input")

[node name="BikePhysics" type="Node" parent="FunctionalityComponents"]
unique_name_in_owner = true
script = ExtResource("8_physics")

[node name="BikeGearing" type="Node" parent="FunctionalityComponents"]
unique_name_in_owner = true
script = ExtResource("5_gearing")

[node name="BikeTricks" type="Node" parent="FunctionalityComponents"]
unique_name_in_owner = true
script = ExtResource("7_tricks")

[node name="BikeCrash" type="Node" parent="FunctionalityComponents"]
unique_name_in_owner = true
script = ExtResource("9_crash")

[node name="BikeAudio" type="Node" parent="FunctionalityComponents"]
unique_name_in_owner = true
script = ExtResource("10_audio")

[node name="BikeUI" type="Node" parent="FunctionalityComponents"]
unique_name_in_owner = true
script = ExtResource("11_ui")

[node name="Sounds" type="Node" parent="."]

[node name="EngineSound" type="AudioStreamPlayer" parent="Sounds"]
unique_name_in_owner = true
stream = ExtResource("10_t042m")
volume_db = -25.0
pitch_scale = 0.49

[node name="TireScreechSound" type="AudioStreamPlayer" parent="Sounds"]
unique_name_in_owner = true
stream = ExtResource("11_pgn4o")
volume_db = -15.0
pitch_scale = 0.9

[node name="EngineGrindSound" type="AudioStreamPlayer" parent="Sounds"]
unique_name_in_owner = true
stream = ExtResource("12_pgn4o")
volume_db = -10.0

[node name="ExhaustPopsSound" type="AudioStreamPlayer" parent="Sounds"]
unique_name_in_owner = true
stream = ExtResource("12_nkid5")
volume_db = 2.5

[node name="NOSSound" type="AudioStreamPlayer" parent="Sounds"]
unique_name_in_owner = true
stream = ExtResource("17_fm7or")
volume_db = -20.0

[node name="BikeMarkers" type="Node3D" parent="."]

[node name="RearWheelMarker" type="Marker3D" parent="BikeMarkers"]
unique_name_in_owner = true
transform = Transform3D(1, 0, 0, 0, 1, 0, 0, 0, 1, 0, 0, 0.68403995)

[node name="FrontWheelMarker" type="Marker3D" parent="BikeMarkers"]
unique_name_in_owner = true
transform = Transform3D(1, 0, 0, 0, 1, 0, 0, 0, 1, 0, 0, -0.7181249)

[node name="OriginMarker" type="Marker3D" parent="BikeMarkers"]
unique_name_in_owner = true

[node name="SpeedLinesEffect" type="ColorRect" parent="."]
unique_name_in_owner = true
visible = false
material = ExtResource("14_speedlines")
anchors_preset = 15
anchor_right = 1.0
anchor_bottom = 1.0
grow_horizontal = 2
grow_vertical = 2
size_flags_horizontal = 3
size_flags_vertical = 3
mouse_filter = 2
color = Color(0, 0, 0, 1)

[node name="MotoUI" type="MarginContainer" parent="."]
anchors_preset = 15
anchor_right = 1.0
anchor_bottom = 1.0
grow_horizontal = 2
grow_vertical = 2
theme_override_constants/margin_left = 64
theme_override_constants/margin_top = 64
theme_override_constants/margin_right = 64
theme_override_constants/margin_bottom = 64

[node name="VBoxContainer" type="VBoxContainer" parent="MotoUI"]
layout_mode = 2
size_flags_horizontal = 8
size_flags_vertical = 4

[node name="GearLabel" type="Label" parent="MotoUI/VBoxContainer"]
unique_name_in_owner = true
layout_mode = 2
size_flags_horizontal = 8
theme_override_font_sizes/font_size = 24
text = "Gear:"

[node name="SpeedLabel" type="Label" parent="MotoUI/VBoxContainer"]
unique_name_in_owner = true
layout_mode = 2
size_flags_horizontal = 8
theme_override_font_sizes/font_size = 24
text = "Speed:"

[node name="HBoxContainer" type="HBoxContainer" parent="MotoUI/VBoxContainer"]
layout_mode = 2
alignment = 2

[node name="Label" type="Label" parent="MotoUI/VBoxContainer/HBoxContainer"]
layout_mode = 2
theme_override_font_sizes/font_size = 24
text = "Throttle"

[node name="ThrottleBar" type="ProgressBar" parent="MotoUI/VBoxContainer/HBoxContainer"]
unique_name_in_owner = true
custom_minimum_size = Vector2(100, 12)
layout_mode = 2
size_flags_horizontal = 8
size_flags_vertical = 1
max_value = 1.0
show_percentage = false

[node name="HBoxContainer2" type="HBoxContainer" parent="MotoUI/VBoxContainer"]
layout_mode = 2
alignment = 2

[node name="Label2" type="Label" parent="MotoUI/VBoxContainer/HBoxContainer2"]
layout_mode = 2
theme_override_font_sizes/font_size = 24
text = "RPM"

[node name="RPMBar" type="ProgressBar" parent="MotoUI/VBoxContainer/HBoxContainer2"]
unique_name_in_owner = true
custom_minimum_size = Vector2(100, 12)
layout_mode = 2
size_flags_horizontal = 8
size_flags_vertical = 1
max_value = 1.0
show_percentage = false

[node name="HBoxContainer3" type="HBoxContainer" parent="MotoUI/VBoxContainer"]
layout_mode = 2
alignment = 2

[node name="Label3" type="Label" parent="MotoUI/VBoxContainer/HBoxContainer3"]
layout_mode = 2
theme_override_font_sizes/font_size = 24
text = "BrakeDanger"

[node name="BrakeDangerBar" type="ProgressBar" parent="MotoUI/VBoxContainer/HBoxContainer3"]
unique_name_in_owner = true
custom_minimum_size = Vector2(100, 12)
layout_mode = 2
size_flags_horizontal = 8
size_flags_vertical = 1
max_value = 1.0
show_percentage = false

[node name="HBoxContainer4" type="HBoxContainer" parent="MotoUI/VBoxContainer"]
layout_mode = 2
alignment = 2

[node name="Label4" type="Label" parent="MotoUI/VBoxContainer/HBoxContainer4"]
layout_mode = 2
theme_override_font_sizes/font_size = 24
text = "Clutch"

[node name="ClutchBar" type="ProgressBar" parent="MotoUI/VBoxContainer/HBoxContainer4"]
unique_name_in_owner = true
custom_minimum_size = Vector2(100, 12)
layout_mode = 2
size_flags_horizontal = 8
size_flags_vertical = 1
max_value = 1.0
show_percentage = false

[node name="DifficultyLabel" type="Label" parent="MotoUI/VBoxContainer"]
unique_name_in_owner = true
layout_mode = 2
size_flags_horizontal = 8
theme_override_font_sizes/font_size = 24
text = "Easy"

[node name="BoostLabel" type="Label" parent="MotoUI/VBoxContainer"]
unique_name_in_owner = true
layout_mode = 2
size_flags_horizontal = 8
theme_override_font_sizes/font_size = 24
text = "Boost: 2"

[node name="BoostToast" type="Label" parent="MotoUI"]
unique_name_in_owner = true
layout_mode = 2
size_flags_horizontal = 4
size_flags_vertical = 0
theme_override_colors/font_color = Color(0.2, 1, 0.4, 1)
theme_override_font_sizes/font_size = 24
text = "+1 Boost!"
horizontal_alignment = 1
vertical_alignment = 1

[node name="RespawnLabel" type="Label" parent="MotoUI"]
unique_name_in_owner = true
layout_mode = 2
size_flags_horizontal = 4
theme_override_font_sizes/font_size = 24
text = "Press Start to Respawn"

[editable path="LeanAndRotationPoint/IKCharacterMesh"]
[editable path="LeanAndRotationPoint/IKCharacterMesh/MixamoRacer"]
