[gd_scene load_steps=29 format=3 uid="uid://bmqevs0vheol7"]

[ext_resource type="Script" uid="uid://c331s8cm2gjtp" path="res://scenes/bike/player_controller.gd" id="1_5uol1"]
[ext_resource type="PackedScene" uid="uid://bkehfbgcj2elg" path="res://assets/bikes/GoogleMotorcycleSportbike.glb" id="1_ujl86"]
[ext_resource type="PackedScene" uid="uid://gobjlpuvfmm8" path="res://scenes/character/ik_char_mesh.tscn" id="2_wi4rf"]
[ext_resource type="Material" uid="uid://bfxhki5bfmyn1" path="res://assets/materials/tail_light_material.tres" id="3_n1tms"]
[ext_resource type="Script" uid="uid://l500tpp42su8" path="res://scenes/bike/components/bike_gearing.gd" id="5_gearing"]
[ext_resource type="PackedScene" uid="uid://bn73ermusily2" path="res://scenes/bike/mods/training_wheels_mod.tscn" id="5_voh27"]
[ext_resource type="Script" uid="uid://jx4j084pg5ad" path="res://scenes/bike/components/bike_animation.gd" id="6_voh27"]
[ext_resource type="Script" uid="uid://bpqhimqk1dt2d" path="res://scenes/bike/components/bike_tricks.gd" id="7_tricks"]
[ext_resource type="Script" uid="uid://cgy5mk1x6lanu" path="res://scenes/bike/components/bike_physics.gd" id="8_physics"]
[ext_resource type="Script" uid="uid://bbk0xwdxhsifa" path="res://scenes/bike/components/bike_crash.gd" id="9_crash"]
[ext_resource type="Script" uid="uid://b662mtkdepm0j" path="res://scenes/bike/components/bike_audio.gd" id="10_audio"]
[ext_resource type="AudioStream" uid="uid://dn6ey2jxm33vt" path="res://assets/sounds/motorcycle-stable-rpm.ogg" id="10_t042m"]
[ext_resource type="AudioStream" uid="uid://c61khm016rfjr" path="res://assets/sounds/tire-screech-short.ogg" id="11_pgn4o"]
[ext_resource type="Script" uid="uid://pc1xy500s1vu" path="res://scenes/bike/components/bike_ui.gd" id="11_ui"]
[ext_resource type="AudioStream" uid="uid://fghbqufnqde0" path="res://assets/sounds/exhaust-pops.ogg" id="12_nkid5"]
[ext_resource type="AudioStream" uid="uid://tkuif41xejv4" path="res://assets/sounds/grinding-gear.ogg" id="12_pgn4o"]
[ext_resource type="Script" uid="uid://deoncd44247pm" path="res://scenes/bike/components/bike_input.gd" id="13_input"]
[ext_resource type="Material" uid="uid://dddd4ebearn7x" path="res://assets/materials/speed_lines_material.tres" id="14_speedlines"]
[ext_resource type="AudioStream" uid="uid://7duowi0k1kbh" path="res://assets/sounds/nos-sfx.mp3" id="17_fm7or"]

[sub_resource type="CapsuleShape3D" id="CapsuleShape3D_nkid5"]
radius = 0.35
height = 2.3

[sub_resource type="Animation" id="Animation_262bm"]
length = 0.001
tracks/0/type = "value"
tracks/0/imported = false
tracks/0/enabled = true
tracks/0/path = NodePath("BikeMesh/IKCharacterMesh/Targets/ButtTarget:position")
tracks/0/interp = 1
tracks/0/loop_wrap = true
tracks/0/keys = {
"times": PackedFloat32Array(0),
"transitions": PackedFloat32Array(1),
"update": 0,
"values": [Vector3(2.769973e-08, 0.98623186, -0.35969338)]
}
tracks/1/type = "value"
tracks/1/imported = false
tracks/1/enabled = true
tracks/1/path = NodePath("BikeMesh/IKCharacterMesh/Targets/HeadTarget:rotation")
tracks/1/interp = 1
tracks/1/loop_wrap = true
tracks/1/keys = {
"times": PackedFloat32Array(0),
"transitions": PackedFloat32Array(1),
"update": 0,
"values": [Vector3(0.43134058, 1.4476901e-08, 7.8451706e-08)]
}
tracks/2/type = "value"
tracks/2/imported = false
tracks/2/enabled = true
tracks/2/path = NodePath("BikeMesh/IKCharacterMesh/Targets/LeftArmTarget:position")
tracks/2/interp = 1
tracks/2/loop_wrap = true
tracks/2/keys = {
"times": PackedFloat32Array(0),
"transitions": PackedFloat32Array(1),
"update": 0,
"values": [Vector3(0.284, 0.9407963, 0.42305174)]
}
tracks/3/type = "value"
tracks/3/imported = false
tracks/3/enabled = true
tracks/3/path = NodePath("BikeMesh/IKCharacterMesh/Targets/RightArmTarget:position")
tracks/3/interp = 1
tracks/3/loop_wrap = true
tracks/3/keys = {
"times": PackedFloat32Array(0),
"transitions": PackedFloat32Array(1),
"update": 0,
"values": [Vector3(-0.284, 0.90103054, 0.44884363)]
}
tracks/4/type = "value"
tracks/4/imported = false
tracks/4/enabled = true
tracks/4/path = NodePath("BikeMesh/IKCharacterMesh/Targets/LeftArmTarget:rotation")
tracks/4/interp = 1
tracks/4/loop_wrap = true
tracks/4/keys = {
"times": PackedFloat32Array(0),
"transitions": PackedFloat32Array(1),
"update": 0,
"values": [Vector3(-0.5337216, 1.0176142, -1.1505777e-07)]
}
tracks/5/type = "value"
tracks/5/imported = false
tracks/5/enabled = true
tracks/5/path = NodePath("BikeMesh/IKCharacterMesh/Targets/RightArmTarget:rotation")
tracks/5/interp = 1
tracks/5/loop_wrap = true
tracks/5/keys = {
"times": PackedFloat32Array(0),
"transitions": PackedFloat32Array(1),
"update": 0,
"values": [Vector3(1.1478428, 2.5467584, 2.9892645)]
}

[sub_resource type="Animation" id="Animation_wi4rf"]
resource_name = "lean_left"
length = 0.4
tracks/0/type = "value"
tracks/0/imported = false
tracks/0/enabled = true
tracks/0/path = NodePath("BikeMesh/IKCharacterMesh/Targets/ButtTarget:position")
tracks/0/interp = 1
tracks/0/loop_wrap = true
tracks/0/keys = {
"times": PackedFloat32Array(0, 0.4),
"transitions": PackedFloat32Array(1, 1),
"update": 0,
"values": [Vector3(2.769973e-08, 0.98623186, -0.35969338), Vector3(0.25, 0.986, -0.36)]
}

[sub_resource type="Animation" id="Animation_fm7or"]
resource_name = "lean_right"
length = 0.4
tracks/0/type = "value"
tracks/0/imported = false
tracks/0/enabled = true
tracks/0/path = NodePath("BikeMesh/IKCharacterMesh/Targets/ButtTarget:position")
tracks/0/interp = 1
tracks/0/loop_wrap = true
tracks/0/keys = {
"times": PackedFloat32Array(0, 0.4),
"transitions": PackedFloat32Array(1, 1),
"update": 0,
"values": [Vector3(2.769973e-08, 0.98623186, -0.35969338), Vector3(-0.25, 0.986, -0.36)]
}

[sub_resource type="Animation" id="Animation_x2eqs"]
resource_name = "naruto_run_loop"
length = 0.4
loop_mode = 1
step = 0.01
tracks/0/type = "value"
tracks/0/imported = false
tracks/0/enabled = true
tracks/0/path = NodePath("BikeMesh/IKCharacterMesh/Targets/LeftArmTarget:position")
tracks/0/interp = 1
tracks/0/loop_wrap = true
tracks/0/keys = {
"times": PackedFloat32Array(0, 0.1, 0.2, 0.3, 0.4),
"transitions": PackedFloat32Array(1, 1, 1, 1, 1),
"update": 0,
"values": [Vector3(0.389, 1.351, -0.572), Vector3(0.389, 1.1732985, -0.572), Vector3(0.389, 1.351, -0.572), Vector3(0.389, 1.1732985, -0.572), Vector3(0.389, 1.351, -0.572)]
}
tracks/1/type = "value"
tracks/1/imported = false
tracks/1/enabled = true
tracks/1/path = NodePath("BikeMesh/IKCharacterMesh/Targets/RightArmTarget:position")
tracks/1/interp = 1
tracks/1/loop_wrap = true
tracks/1/keys = {
"times": PackedFloat32Array(0, 0.1, 0.2, 0.3, 0.4),
"transitions": PackedFloat32Array(1, 1, 1, 1, 1),
"update": 0,
"values": [Vector3(-0.389, 1.351, -0.572), Vector3(-0.389, 1.1732985, -0.572), Vector3(-0.389, 1.351, -0.572), Vector3(-0.389, 1.1732985, -0.572), Vector3(-0.389, 1.351, -0.572)]
}

[sub_resource type="Animation" id="Animation_f1dwp"]
resource_name = "naruto_run_start"
length = 0.25
step = 0.01
tracks/0/type = "value"
tracks/0/imported = false
tracks/0/enabled = true
tracks/0/path = NodePath("BikeMesh/IKCharacterMesh/Targets/LeftArmTarget:position")
tracks/0/interp = 1
tracks/0/loop_wrap = true
tracks/0/keys = {
"times": PackedFloat32Array(0, 0.25),
"transitions": PackedFloat32Array(1, 1),
"update": 0,
"values": [Vector3(0.284, 0.9407963, 0.42305174), Vector3(0.389, 1.351, -0.572)]
}
tracks/1/type = "value"
tracks/1/imported = false
tracks/1/enabled = true
tracks/1/path = NodePath("BikeMesh/IKCharacterMesh/Targets/RightArmTarget:position")
tracks/1/interp = 1
tracks/1/loop_wrap = true
tracks/1/keys = {
"times": PackedFloat32Array(0, 0.25),
"transitions": PackedFloat32Array(1, 1),
"update": 0,
"values": [Vector3(-0.284, 0.90103054, 0.44884363), Vector3(-0.389, 1.351, -0.572)]
}
tracks/2/type = "value"
tracks/2/imported = false
tracks/2/enabled = true
tracks/2/path = NodePath("BikeMesh/IKCharacterMesh/Targets/LeftArmTarget:rotation")
tracks/2/interp = 1
tracks/2/loop_wrap = true
tracks/2/keys = {
"times": PackedFloat32Array(0, 0.25),
"transitions": PackedFloat32Array(1, 1),
"update": 0,
"values": [Vector3(-0.5337216, 1.0176142, -1.1505777e-07), Vector3(1.9355701, 1.017527, -0.6981317)]
}
tracks/3/type = "value"
tracks/3/imported = false
tracks/3/enabled = true
tracks/3/path = NodePath("BikeMesh/IKCharacterMesh/Targets/RightArmTarget:rotation")
tracks/3/interp = 1
tracks/3/loop_wrap = true
tracks/3/keys = {
"times": PackedFloat32Array(0, 0.25),
"transitions": PackedFloat32Array(1, 1),
"update": 0,
"values": [Vector3(1.1478428, 2.5467584, 2.9892645), Vector3(-1.4119713, 2.5464354, 3.9200096)]
}

[sub_resource type="Animation" id="Animation_voh27"]
resource_name = "snap_neck"
length = 0.4
tracks/0/type = "value"
tracks/0/imported = false
tracks/0/enabled = true
tracks/0/path = NodePath("BikeMesh/IKCharacterMesh/Targets/HeadTarget:rotation")
tracks/0/interp = 1
tracks/0/loop_wrap = true
tracks/0/keys = {
"times": PackedFloat32Array(0, 0.4),
"transitions": PackedFloat32Array(1, 1),
"update": 0,
"values": [Vector3(0.43134058, 1.4476901e-08, 7.8451706e-08), Vector3(-2.1031218, 6.2831855, 0)]
}

[sub_resource type="AnimationLibrary" id="AnimationLibrary_fm7or"]
_data = {
&"RESET": SubResource("Animation_262bm"),
&"lean_left": SubResource("Animation_wi4rf"),
&"lean_right": SubResource("Animation_fm7or"),
&"naruto_run_loop": SubResource("Animation_x2eqs"),
&"naruto_run_start": SubResource("Animation_f1dwp"),
&"snap_neck": SubResource("Animation_voh27")
}

[sub_resource type="BoxMesh" id="BoxMesh_sdhfr"]
size = Vector3(0.3, 0.055, 0.05)

[node name="PlayerController" type="CharacterBody3D"]
collision_mask = 3
script = ExtResource("1_5uol1")

[node name="CollisionShape3D" type="CollisionShape3D" parent="."]
transform = Transform3D(1, 0, 0, 0, -4.371139e-08, 1, 0, -1, -4.371139e-08, 0, 0.35, 0)
shape = SubResource("CapsuleShape3D_nkid5")

[node name="Camera3D" type="Camera3D" parent="."]
transform = Transform3D(0.99976206, 0.0049999, -0.021233829, 0.0005158487, 0.9676885, 0.25214824, 0.021808447, -0.25209916, 0.9674557, -0.23836821, 1.2938731, 2.5680387)
fov = 70.0

[node name="BikeMesh" type="Node3D" parent="."]
unique_name_in_owner = true

[node name="AnimationPlayer" type="AnimationPlayer" parent="BikeMesh"]
unique_name_in_owner = true
root_node = NodePath("../..")
libraries = {
&"": SubResource("AnimationLibrary_fm7or")
}

[node name="IKCharacterMesh" parent="BikeMesh" instance=ExtResource("2_wi4rf")]
unique_name_in_owner = true
transform = Transform3D(-1, 0, -1.509958e-07, 0, 1, 0, 1.509958e-07, 0, -1, 0, 0, 0)
left_leg_magnet = Vector3(1, 0, 1)
right_leg_magnet = Vector3(-1, 0, 1)

[node name="Skeleton3D" parent="BikeMesh/IKCharacterMesh/MixamoRacer" index="0"]
bones/0/position = Vector3(2.769973e-08, 0.98623186, -0.35969338)
bones/0/rotation = Quaternion(0.46173313, 8.114458e-09, 4.276859e-08, 0.88701886)
bones/8/position = Vector3(1.5199184e-06, 0.1310766, 5.6028366e-06)
bones/8/rotation = Quaternion(0.46174, -0.23288499, 0.40978566, 0.75142294)
bones/8/scale = Vector3(0.99952495, 0.999525, 0.99952507)
bones/9/position = Vector3(-1.5616417e-05, 0.27071893, 3.7550926e-06)
bones/9/rotation = Quaternion(-0.0023527467, 0.15604937, 0.0021566802, 0.9877441)
bones/9/scale = Vector3(0.99995863, 0.99995834, 0.99995863)
bones/10/position = Vector3(1.013279e-06, 0.25567788, 5.364418e-06)
bones/10/rotation = Quaternion(0.03195961, -0.2950585, 0.287866, 0.91052306)
bones/10/scale = Vector3(0.9999232, 0.9999287, 0.999921)
bones/32/position = Vector3(-5.9604645e-08, 0.13107663, -2.6226044e-06)
bones/32/rotation = Quaternion(0.4878232, 0.16656098, -0.51262414, 0.6866604)
bones/32/scale = Vector3(1.0001338, 1.0001336, 1.0001339)
bones/33/position = Vector3(6.3180923e-06, 0.2706902, 3.7252903e-07)
bones/33/rotation = Quaternion(-0.0014275142, -0.21821593, -0.00333457, 0.9758938)
bones/33/scale = Vector3(1.0000056, 1.0000056, 1.0000056)
bones/34/position = Vector3(1.7881393e-06, 0.25565445, -2.7418137e-06)
bones/34/rotation = Quaternion(-0.004041599, 0.17451538, -0.24058597, 0.95480174)
bones/34/scale = Vector3(0.99983805, 0.9997685, 0.9998116)

[node name="LeftArmIK" parent="BikeMesh/IKCharacterMesh/MixamoRacer/Skeleton3D" index="1"]
target = Transform3D(-0.08169469, -0.027651627, -0.9962736, 0.98497635, -0.15483423, -0.0764709, -0.15214273, -0.9875532, 0.039885372, -0.95111763, 0.60892016, 0.40098357)
override_tip_basis = false
use_magnet = false

[node name="RightArmIK" parent="BikeMesh/IKCharacterMesh/MixamoRacer/Skeleton3D" index="2"]
target = Transform3D(-0.04889248, 0.92596906, -0.37442094, -0.52059925, -0.3435467, -0.78163445, -0.85240024, 0.15670708, 0.49885568, 0.9806601, 0.12702164, 0.55838567)

[node name="LeftLegIK" parent="BikeMesh/IKCharacterMesh/MixamoRacer/Skeleton3D" index="3"]
target = Transform3D(-0.9982336, 0.03612911, -0.047162842, -0.059410855, -0.60704976, 0.7924393, -6.939984e-08, 0.7938415, 0.60812396, 0.2375038, 0.39871255, -0.17106614)
magnet = Vector3(1, 0, 1)

[node name="RightLegIK" parent="BikeMesh/IKCharacterMesh/MixamoRacer/Skeleton3D" index="4"]
target = Transform3D(-0.9982256, 0.036801673, -0.046809737, -0.05953972, -0.60723305, 0.7922895, 0.0007331595, 0.7936708, 0.60834676, -0.238, 0.399, -0.171)
magnet = Vector3(-1, 0, 1)

[node name="HeadIK" parent="BikeMesh/IKCharacterMesh/MixamoRacer/Skeleton3D" index="5"]
target = Transform3D(1, 1.274684e-08, 9.343069e-10, -1.274684e-08, 0.9893129, 0.14580679, 9.342784e-10, -0.14580679, 0.9893129, -1.8309903e-07, 1.7583534, 0.73081344)

[node name="Physical Bone mixamorig6_Spine1" parent="BikeMesh/IKCharacterMesh/MixamoRacer/Skeleton3D/PhysicalBoneSimulator3D" index="0"]
transform = Transform3D(0.9914827, -0.10117484, 0.082011014, -0.051755924, -0.883922, -0.4647615, 0.119513504, 0.45655838, -0.88162977, -0.013345658, 1.1467866, -0.118555285)
joint_offset = Transform3D(1, 0, 0, 0, 1, 0, 0, 0, 1, 1.2154962e-07, 7.1627746e-06, 0.06856543)
body_offset = Transform3D(0.99999994, 2.4214387e-07, 7.4505806e-08, 9.685755e-08, -5.9604645e-08, -1, -2.3841858e-07, 1, -1.4901161e-07, -1.2665987e-07, 0.06856543, -7.1525574e-06)

[node name="Physical Bone mixamorig6_Head" parent="BikeMesh/IKCharacterMesh/MixamoRacer/Skeleton3D/PhysicalBoneSimulator3D" index="1"]
transform = Transform3D(-0.980958, -0.014790499, 0.19365652, 0.0764626, 0.88716435, 0.4550747, -0.17853595, 0.46121663, -0.8691399, -0.06988802, 1.1703358, 0.24723615)
joint_offset = Transform3D(1, 0, 0, 0, 1, 0, 0, 0, 1, -8.178225e-09, -0.0039101765, 0.14453141)
body_offset = Transform3D(-1, 2.2351742e-08, 2.5331974e-07, -2.682209e-07, 0.33402437, -0.94256467, -1.3783574e-07, -0.9425646, -0.33402443, -4.4703484e-08, 0.13753629, 0.044591427)

[node name="Physical Bone mixamorig6_LeftShoulder" parent="BikeMesh/IKCharacterMesh/MixamoRacer/Skeleton3D/PhysicalBoneSimulator3D" index="2"]
transform = Transform3D(-0.04690825, -0.1535603, -0.98702526, 0.90319175, -0.4285796, 0.02375387, -0.42666656, -0.89035875, 0.1587983, 0.09302531, 1.2301282, 0.063427314)
joint_offset = Transform3D(1, 0, 0, 0, 1, 0, 0, 0, 1, 1.3161848e-06, 1.0787436e-06, 0.06553861)
body_offset = Transform3D(1, 2.9802322e-07, -7.4505806e-08, -4.4703484e-08, -1.0430813e-07, -0.9999999, -2.682209e-07, 1, -8.940697e-08, -1.3113022e-06, 0.0655386, -1.0728836e-06)

[node name="Physical Bone mixamorig6_LeftArm" parent="BikeMesh/IKCharacterMesh/MixamoRacer/Skeleton3D/PhysicalBoneSimulator3D" index="3"]
transform = Transform3D(0.25765765, -0.9460678, -0.1963881, 0.18018012, -0.15264136, 0.97171795, -0.949288, -0.28575578, 0.13113339, 0.18428321, 1.0970981, 0.03526936)
joint_offset = Transform3D(1, 0, 0, 0, 1, 0, 0, 0, 1, -1.1945494e-06, -1.8003438e-07, 0.13529965)
body_offset = Transform3D(1.0004752, -2.682209e-07, 2.2351742e-08, -1.4156103e-07, 2.4028122e-06, -1.000475, 3.2782555e-07, 1.000475, 2.4326146e-06, 1.1920929e-06, 0.13536394, -1.4901161e-07)

[node name="Physical Bone mixamorig6_LeftForeArm" parent="BikeMesh/IKCharacterMesh/MixamoRacer/Skeleton3D/PhysicalBoneSimulator3D" index="4"]
transform = Transform3D(0.537457, -0.8195095, -0.19885741, 0.21503332, -0.094833, 0.9719915, -0.8154144, -0.5651646, 0.12525317, 0.23625314, 0.84143746, 0.0015403947)
joint_offset = Transform3D(1, 0, 0, 0, 1, 0, 0, 0, 1, 6.873715e-07, 1.0955132e-06, 0.12777123)
body_offset = Transform3D(1.0005164, 3.5762787e-07, -4.8428774e-07, -5.9604645e-07, 2.2947788e-06, -1.0005167, -1.7881393e-07, 1.0005165, 2.3841858e-06, -6.2584877e-07, 0.12783724, -1.4007092e-06)

[node name="Physical Bone mixamorig6_LeftHand" parent="BikeMesh/IKCharacterMesh/MixamoRacer/Skeleton3D/PhysicalBoneSimulator3D" index="5"]
transform = Transform3D(0.88410115, 0.29517564, 0.3622659, 0.15917207, -0.91910386, 0.3604337, 0.43935126, -0.26099724, -0.85956436, 0.25422558, 0.70984215, 0.003173846)
joint_offset = Transform3D(1, 0, 0, 0, 1, 0, 0, 0, 1, -3.4761615e-06, -2.2088643e-06, 0.020524297)
body_offset = Transform3D(-0.46665967, 0.60874337, 0.642532, 3.4570694e-06, 0.7263646, -0.6881649, -0.88510966, -0.32094866, -0.33876857, -0.013187796, 0.014125705, 0.006949201)

[node name="Physical Bone mixamorig6_RightShoulder" parent="BikeMesh/IKCharacterMesh/MixamoRacer/Skeleton3D/PhysicalBoneSimulator3D" index="6"]
transform = Transform3D(-0.40648755, 0.4929849, 0.7692424, -0.8550368, -0.5019766, -0.13012145, 0.32199374, -0.71062326, 0.62556744, -0.14418025, 1.2498357, 0.014629477)
joint_offset = Transform3D(1, 0, 0, 0, 1, 0, 0, 0, 1, 9.766398e-10, 1.8272031e-07, 0.065538265)
body_offset = Transform3D(1, -2.3841858e-07, -1.4901161e-08, 0, 8.940697e-08, -1.0000001, -2.9802322e-08, 1, -5.9604645e-08, 0, 0.06553827, -1.7881393e-07)

[node name="Physical Bone mixamorig6_RightArm" parent="BikeMesh/IKCharacterMesh/MixamoRacer/Skeleton3D/PhysicalBoneSimulator3D" index="7"]
transform = Transform3D(-0.11288491, 0.98804796, 0.10496822, -0.06278556, -0.11252559, 0.9916632, 0.99162245, 0.105353326, 0.07473758, -0.20880531, 1.124133, -0.03648813)
joint_offset = Transform3D(1, 0, 0, 0, 1, 0, 0, 0, 1, 4.0572813e-06, 8.6272996e-07, 0.13536091)
body_offset = Transform3D(0.9998666, -0.0001996383, -3.1344593e-05, -3.129989e-05, -1.2465753e-05, -0.9998665, 0.00019972771, 0.99986637, -1.232326e-05, 1.8626451e-07, 0.13534284, 8.046627e-07)

[node name="Physical Bone mixamorig6_RightForeArm" parent="BikeMesh/IKCharacterMesh/MixamoRacer/Skeleton3D/PhysicalBoneSimulator3D" index="8"]
transform = Transform3D(0.3191252, 0.9416416, 0.10709943, -0.0989129, -0.07929737, 0.99193156, 0.9425367, -0.32714388, 0.067834705, -0.23670584, 0.86310554, -0.055272155)
joint_offset = Transform3D(1, 0, 0, 0, 1, 0, 0, 0, 1, -2.0187697e-06, 2.0324387e-07, 0.12782176)
body_offset = Transform3D(0.999861, -7.1525574e-07, -8.791685e-07, -9.0152025e-07, 4.289672e-06, -0.9998608, 5.364418e-07, 0.99986076, 4.472211e-06, 2.130866e-06, 0.12780398, -7.748604e-07)

[node name="Physical Bone mixamorig6_RightHand" parent="BikeMesh/IKCharacterMesh/MixamoRacer/Skeleton3D/PhysicalBoneSimulator3D" index="9"]
transform = Transform3D(0.87145746, -0.35298043, -0.34053904, -0.22460897, -0.9044362, 0.36269295, -0.4360193, -0.23958336, -0.86746013, -0.24287935, 0.7282693, -0.04480257)
joint_offset = Transform3D(1, 0, 0, 0, 1, 0, 0, 0, 1, -5.5395067e-06, 6.4347405e-06, 0.022069411)
body_offset = Transform3D(-0.48943353, -0.5829704, -0.64857244, 7.4505806e-08, 0.7437873, -0.6685547, 0.8720897, -0.32719162, -0.3640103, 0.0143146515, 0.014749825, 0.008040428)

[node name="Physical Bone mixamorig6_LeftUpLeg" parent="BikeMesh/IKCharacterMesh/MixamoRacer/Skeleton3D/PhysicalBoneSimulator3D" index="10"]
transform = Transform3D(-0.9855418, 0.09561774, -0.139874, -0.16089462, -0.26939276, 0.9494949, 0.053107522, 0.95827174, 0.28088218, 0.12009367, 0.76113236, -0.46495846)
joint_offset = Transform3D(1, 0, 0, 0, 1, 0, 0, 0, 1, -3.486012e-06, 2.4646465e-07, 0.20449814)
body_offset = Transform3D(1.0000004, -8.121133e-07, 1.5006401e-05, 1.4979392e-05, -1.9073486e-06, -1.0000001, 7.8603625e-07, 1.0000001, -1.7881393e-06, 4.172325e-07, 0.20449817, 1.1920929e-07)

[node name="Physical Bone mixamorig6_LeftLeg" parent="BikeMesh/IKCharacterMesh/MixamoRacer/Skeleton3D/PhysicalBoneSimulator3D" index="11"]
transform = Transform3D(-0.9509588, 0.29210457, 0.10174653, -0.3082746, -0.9220022, -0.2342621, 0.025381496, -0.25413948, 0.9668345, 0.12886839, 0.61261016, -0.7107996)
joint_offset = Transform3D(1, 0, 0, 0, 1, 0, 0, 0, 1, -2.0753897e-07, -7.998846e-07, 0.19486338)
body_offset = Transform3D(1.0000004, -1.4596619e-05, -5.5879354e-09, 5.2154064e-08, 4.455447e-06, -1, 1.4508609e-05, 1.0000001, 4.4107437e-06, 2.0861626e-07, 0.19486338, -5.9604645e-08)

[node name="Physical Bone mixamorig6_LeftFoot" parent="BikeMesh/IKCharacterMesh/MixamoRacer/Skeleton3D/PhysicalBoneSimulator3D" index="12"]
transform = Transform3D(-0.8252293, 0.31599784, -0.46812606, -0.44560343, -0.8735423, 0.19586067, -0.34703642, 0.37022853, 0.8616825, 0.15449846, 0.6391849, -0.9828514)
joint_offset = Transform3D(1, 0, 0, 0, 1, 0, 0, 0, 1, -1.7337585e-05, -5.5752833e-05, 0.09709555)
body_offset = Transform3D(1.0000004, -0.0001373142, 0.00018063188, 0.00018069148, 0.0005649924, -1.0000002, 0.0001372248, 1, 0.00056502223, -2.0861626e-07, 0.09709561, 8.940697e-07)

[node name="Physical Bone mixamorig6_RightUpLeg" parent="BikeMesh/IKCharacterMesh/MixamoRacer/Skeleton3D/PhysicalBoneSimulator3D" index="13"]
transform = Transform3D(-0.9789149, -0.19995414, -0.041760284, 0.086495936, -0.59096485, 0.8020468, -0.18505141, 0.78152347, 0.5957995, -0.082956284, 0.79335636, -0.53072155)
joint_offset = Transform3D(1, 0, 0, 0, 1, 0, 0, 0, 1, 4.7074468e-07, -2.2781605e-06, 0.20442382)
body_offset = Transform3D(1.0000001, -5.9604645e-08, 2.9802322e-08, 0, 3.0696392e-06, -1.0000001, 5.9604645e-08, 1, 2.9802322e-06, -4.7683716e-07, 0.20442384, 1.66893e-06)

[node name="Physical Bone mixamorig6_RightLeg" parent="BikeMesh/IKCharacterMesh/MixamoRacer/Skeleton3D/PhysicalBoneSimulator3D" index="14"]
transform = Transform3D(-0.98673517, 3.8086273e-05, -0.16233872, -0.00013036323, -0.9999999, 0.00055777025, -0.16233867, 0.0005715345, 0.986735, -0.04276454, 0.6293021, -0.84490323)
joint_offset = Transform3D(1, 0, 0, 0, 1, 0, 0, 0, 1, 2.992688e-06, 4.6757785e-07, 0.19498011)
body_offset = Transform3D(1.0000002, -1.06476364e-07, 7.003546e-07, 7.003546e-07, -1.4901161e-07, -1.0000001, 8.940697e-08, 1.0000001, -2.5820918e-07, -3.1292439e-06, 0.19498014, -4.172325e-07)

[node name="Physical Bone mixamorig6_RightFoot" parent="BikeMesh/IKCharacterMesh/MixamoRacer/Skeleton3D/PhysicalBoneSimulator3D" index="15"]
transform = Transform3D(-0.81466264, -0.2983702, 0.4972928, 0.5564983, -0.16088624, 0.8151229, -0.1632008, 0.9407927, 0.29711056, -0.059749827, 0.54946256, -1.0663505)
joint_offset = Transform3D(1, 0, 0, 0, 1, 0, 0, 0, 1, 7.2038433e-06, -6.260822e-07, 0.097808965)
body_offset = Transform3D(1.0000002, 3.2633543e-06, 1.3038516e-06, 1.322478e-06, 3.9339066e-06, -1.0000002, -3.1292439e-06, 1.0000001, 3.963709e-06, -7.3313713e-06, 0.09780899, 2.3841858e-07)

[node name="HeadTarget" parent="BikeMesh/IKCharacterMesh/Targets" index="0"]
transform = Transform3D(1, -7.2399075e-08, 1.3150904e-08, 7.126601e-08, 0.9084061, -0.41808897, 1.8322893e-08, 0.41808897, 0.9084061, -1.3219673e-07, 1.452965, 0.39370275)

[node name="LeftArmTarget" parent="BikeMesh/IKCharacterMesh/Targets" index="1"]
transform = Transform3D(0.5253975, -0.4328656, 0.73251957, -9.905552e-08, 0.86091954, 0.50874096, -0.850857, -0.26729116, 0.45232502, 0.284, 0.9407963, 0.42305174)

[node name="RightArmTarget" parent="BikeMesh/IKCharacterMesh/Targets" index="2"]
transform = Transform3D(0.8961884, -0.37939778, 0.23000747, 0.062282406, -0.4057027, -0.9118803, 0.43928, 0.83154255, -0.33995613, -0.284, 0.90103054, 0.44884363)

[node name="ButtTarget" parent="BikeMesh/IKCharacterMesh/Targets" index="3"]
transform = Transform3D(1, -6.837966e-08, 5.3890716e-08, 8.336652e-08, 0.573605, -0.81913203, 2.5099986e-08, 0.81913203, 0.573605, 2.769973e-08, 0.98623186, -0.35969338)

[node name="LeftLegTarget" parent="BikeMesh/IKCharacterMesh/Targets" index="4"]
transform = Transform3D(-0.9982336, 0.03612911, -0.047162846, -0.059410863, -0.60704976, 0.7924393, -5.9604645e-08, 0.7938415, 0.60812396, 0.2375038, 0.39871255, -0.17106614)

[node name="RightLegTarget" parent="BikeMesh/IKCharacterMesh/Targets" index="5"]
transform = Transform3D(-0.99822557, 0.03680166, -0.046809744, -0.059539717, -0.60723305, 0.7922895, 0.0007331445, 0.79367083, 0.60834676, -0.238, 0.399, -0.171)

[node name="BikeItself" type="Node3D" parent="BikeMesh"]
unique_name_in_owner = true

[node name="GoogleMotorcycleSportbike" parent="BikeMesh/BikeItself" instance=ExtResource("1_ujl86")]
transform = Transform3D(0.018, 0, 0, 0, 0.018, 0, 0, 0, 0.018, 0, 0, 0)

[node name="TailLight" type="MeshInstance3D" parent="BikeMesh"]
unique_name_in_owner = true
transform = Transform3D(1, 0, 0, 0, 1, 0, 0, 0, 1, 0, 0.94790524, 0.958052)
mesh = SubResource("BoxMesh_sdhfr")
surface_material_override/0 = ExtResource("3_n1tms")

[node name="Mods" type="Node3D" parent="BikeMesh"]

[node name="TrainingWheels" type="Node3D" parent="BikeMesh/Mods"]
unique_name_in_owner = true
transform = Transform3D(1, 0, 0, 0, 1, 0, 0, 0, 1, 0, 0.07463604, 0.68403995)
visible = false

[node name="TrainingWheelsMod" parent="BikeMesh/Mods/TrainingWheels" instance=ExtResource("5_voh27")]
transform = Transform3D(1, 0, 0, 0, 1, 0, 0, 0, 1, 0.15, 0.335, 0.117)
is_left_wheel = false

[node name="TrainingWheelsMod2" parent="BikeMesh/Mods/TrainingWheels" instance=ExtResource("5_voh27")]
transform = Transform3D(-1, 0, -8.742278e-08, 0, 1, 0, 8.742278e-08, 0, -1, -0.15, 0.335, 0.117)

[node name="FunctionalityComponents" type="Node" parent="."]
unique_name_in_owner = true

[node name="BikeAnimation" type="Node" parent="FunctionalityComponents"]
unique_name_in_owner = true
script = ExtResource("6_voh27")

[node name="BikeInput" type="Node" parent="FunctionalityComponents"]
unique_name_in_owner = true
script = ExtResource("13_input")

[node name="BikePhysics" type="Node" parent="FunctionalityComponents"]
unique_name_in_owner = true
script = ExtResource("8_physics")

[node name="BikeGearing" type="Node" parent="FunctionalityComponents"]
unique_name_in_owner = true
script = ExtResource("5_gearing")

[node name="BikeTricks" type="Node" parent="FunctionalityComponents"]
unique_name_in_owner = true
script = ExtResource("7_tricks")

[node name="BikeCrash" type="Node" parent="FunctionalityComponents"]
unique_name_in_owner = true
script = ExtResource("9_crash")

[node name="BikeAudio" type="Node" parent="FunctionalityComponents"]
unique_name_in_owner = true
script = ExtResource("10_audio")

[node name="BikeUI" type="Node" parent="FunctionalityComponents"]
unique_name_in_owner = true
script = ExtResource("11_ui")

[node name="Sounds" type="Node" parent="."]

[node name="EngineSound" type="AudioStreamPlayer" parent="Sounds"]
unique_name_in_owner = true
stream = ExtResource("10_t042m")
volume_db = -25.0
pitch_scale = 0.49

[node name="TireScreechSound" type="AudioStreamPlayer" parent="Sounds"]
unique_name_in_owner = true
stream = ExtResource("11_pgn4o")
volume_db = -15.0
pitch_scale = 0.9

[node name="EngineGrindSound" type="AudioStreamPlayer" parent="Sounds"]
unique_name_in_owner = true
stream = ExtResource("12_pgn4o")
volume_db = -10.0

[node name="ExhaustPopsSound" type="AudioStreamPlayer" parent="Sounds"]
unique_name_in_owner = true
stream = ExtResource("12_nkid5")
volume_db = 2.5

[node name="NOSSound" type="AudioStreamPlayer" parent="Sounds"]
unique_name_in_owner = true
stream = ExtResource("17_fm7or")
volume_db = -20.0

[node name="BikeMarkers" type="Node3D" parent="."]

[node name="RearWheelMarker" type="Marker3D" parent="BikeMarkers"]
unique_name_in_owner = true
transform = Transform3D(1, 0, 0, 0, 1, 0, 0, 0, 1, 0, 0, 0.68403995)

[node name="FrontWheelMarker" type="Marker3D" parent="BikeMarkers"]
unique_name_in_owner = true
transform = Transform3D(1, 0, 0, 0, 1, 0, 0, 0, 1, 0, 0, -0.7181249)

[node name="OriginMarker" type="Marker3D" parent="BikeMarkers"]
unique_name_in_owner = true

[node name="SpeedLinesEffect" type="ColorRect" parent="."]
unique_name_in_owner = true
visible = false
material = ExtResource("14_speedlines")
anchors_preset = 15
anchor_right = 1.0
anchor_bottom = 1.0
grow_horizontal = 2
grow_vertical = 2
size_flags_horizontal = 3
size_flags_vertical = 3
mouse_filter = 2
color = Color(0, 0, 0, 1)

[node name="MotoUI" type="MarginContainer" parent="."]
anchors_preset = 15
anchor_right = 1.0
anchor_bottom = 1.0
grow_horizontal = 2
grow_vertical = 2
theme_override_constants/margin_left = 64
theme_override_constants/margin_top = 64
theme_override_constants/margin_right = 64
theme_override_constants/margin_bottom = 64

[node name="VBoxContainer" type="VBoxContainer" parent="MotoUI"]
layout_mode = 2
size_flags_horizontal = 8
size_flags_vertical = 4

[node name="GearLabel" type="Label" parent="MotoUI/VBoxContainer"]
unique_name_in_owner = true
layout_mode = 2
size_flags_horizontal = 8
text = "Gear:"

[node name="SpeedLabel" type="Label" parent="MotoUI/VBoxContainer"]
unique_name_in_owner = true
layout_mode = 2
size_flags_horizontal = 8
text = "Speed:"

[node name="ThrottleBar" type="ProgressBar" parent="MotoUI/VBoxContainer"]
unique_name_in_owner = true
custom_minimum_size = Vector2(100, 12)
layout_mode = 2
size_flags_horizontal = 8
max_value = 1.0
show_percentage = false

[node name="RPMBar" type="ProgressBar" parent="MotoUI/VBoxContainer"]
unique_name_in_owner = true
custom_minimum_size = Vector2(100, 12)
layout_mode = 2
size_flags_horizontal = 8
max_value = 1.0
show_percentage = false

[node name="BrakeDangerBar" type="ProgressBar" parent="MotoUI/VBoxContainer"]
unique_name_in_owner = true
custom_minimum_size = Vector2(100, 12)
layout_mode = 2
size_flags_horizontal = 8
max_value = 1.0
show_percentage = false

[node name="ClutchBar" type="ProgressBar" parent="MotoUI/VBoxContainer"]
unique_name_in_owner = true
custom_minimum_size = Vector2(100, 12)
layout_mode = 2
size_flags_horizontal = 8
max_value = 1.0
show_percentage = false

[node name="DifficultyLabel" type="Label" parent="MotoUI/VBoxContainer"]
unique_name_in_owner = true
layout_mode = 2
size_flags_horizontal = 8
text = "Easy"

[node name="BoostLabel" type="Label" parent="MotoUI/VBoxContainer"]
unique_name_in_owner = true
layout_mode = 2
size_flags_horizontal = 8
text = "Boost: 2"

[node name="BoostToast" type="Label" parent="MotoUI"]
unique_name_in_owner = true
layout_mode = 2
size_flags_horizontal = 4
size_flags_vertical = 0
theme_override_colors/font_color = Color(0.2, 1, 0.4, 1)
theme_override_font_sizes/font_size = 24
text = "+1 Boost!"
horizontal_alignment = 1
vertical_alignment = 1

[editable path="BikeMesh/IKCharacterMesh"]
[editable path="BikeMesh/IKCharacterMesh/MixamoRacer"]
