[gd_scene load_steps=14 format=3 uid="uid://j2ul15tv0gig"]

[ext_resource type="PackedScene" uid="uid://cn1f0g4b2vnrf" path="res://assets/level/city.glb" id="1_114d3"]
[ext_resource type="PackedScene" uid="uid://bmqevs0vheol7" path="res://scenes/bike/player_controller.tscn" id="2_p3kgh"]
[ext_resource type="PackedScene" uid="uid://bdv4bgnhiss2w" path="res://scenes/level/main_menu.tscn" id="3_hv5hi"]
[ext_resource type="Shader" uid="uid://d3wh0vlxw230r" path="res://assets/materials/sky.gdshader" id="4_o6ikn"]
[ext_resource type="Script" uid="uid://d1bbnsiw21th1" path="res://scenes/bike/resources/bike_resource.gd" id="5_krg47"]
[ext_resource type="Script" uid="uid://biy8pd4m0fncl" path="res://scenes/bike/components/bike_state.gd" id="5_ms8vg"]
[ext_resource type="Resource" uid="uid://dsmxu0d7ltpt" path="res://scenes/bike/resources/sport_bike.tres" id="6_6i4h1"]
[ext_resource type="ArrayOccluder3D" uid="uid://dkwpsptgimbyr" path="res://scenes/level/main_level.occ" id="6_atywb"]

[sub_resource type="Resource" id="Resource_6i4h1"]
script = ExtResource("5_ms8vg")

[sub_resource type="ShaderMaterial" id="ShaderMaterial_atywb"]
shader = ExtResource("4_o6ikn")
shader_parameter/sky_color = Color(0.2754989, 0.31298247, 0.3754213, 1)
shader_parameter/star_base_color = Color(0.915, 1, 0.7, 1)
shader_parameter/star_hue_offset = 0.2350000111625
shader_parameter/star_intensity = 0.08
shader_parameter/star_twinkle_speed = 0.8
shader_parameter/star_twinkle_intensity = 0.2
shader_parameter/layer_scale = 20.0
shader_parameter/layer_scale_step = 10.0
shader_parameter/layers_count = 3

[sub_resource type="Sky" id="Sky_hv5hi"]
sky_material = SubResource("ShaderMaterial_atywb")

[sub_resource type="Environment" id="Environment_sc48v"]
background_mode = 2
sky = SubResource("Sky_hv5hi")
tonemap_mode = 2

[sub_resource type="WorldBoundaryShape3D" id="WorldBoundaryShape3D_114d3"]

[node name="MainLevel" type="Node3D"]

[node name="OccluderInstance3D" type="OccluderInstance3D" parent="."]
occluder = ExtResource("6_atywb")

[node name="MainMenu" parent="." instance=ExtResource("3_hv5hi")]
unique_name_in_owner = true

[node name="PlayerController" parent="." instance=ExtResource("2_p3kgh")]
transform = Transform3D(-4.371139e-08, 0, -1, 0, 1, 0, 1, 0, -4.371139e-08, 0, 0, 0)
state = SubResource("Resource_6i4h1")
bike_resources = Array[ExtResource("5_krg47")]([ExtResource("6_6i4h1")])

[node name="Physical Bone mixamorig6_Hips" parent="PlayerController/LeanAndRotationPoint/IKCharacterMesh/MixamoRacer/Skeleton3D/PhysicalBoneSimulator3D" index="0"]
transform = Transform3D(1.0000001, 3.8135916e-08, 1.4477325e-07, 1.230222e-07, -0.76040053, -0.64945465, 8.531813e-08, 0.6494546, -0.7604004, -9.55075e-07, 1.0195979, -0.32059538)
joint_offset = Transform3D(1, 0, 0, 0, 1, 0, 0, 0, 1, 9.753343e-07, -2.0825304e-05, 0.05139985)
body_offset = Transform3D(1.0000001, -1.0847387e-08, 7.380594e-08, 7.450575e-08, 0.09581956, -0.99539876, 3.725461e-09, 0.99539876, 0.09581971, -9.791282e-07, 0.051165342, -0.0049043894)

[node name="Physical Bone mixamorig6_Spine" parent="PlayerController/LeanAndRotationPoint/IKCharacterMesh/MixamoRacer/Skeleton3D/PhysicalBoneSimulator3D" index="1"]
transform = Transform3D(1.0000001, -1.2654364e-05, -7.718704e-06, -1.4635333e-05, -0.7604017, -0.6494533, 2.3491023e-06, 0.6494533, -0.76040155, -2.9246548e-06, 1.0919657, -0.23588043)
joint_offset = Transform3D(1, 0, 0, 0, 1, 0, 0, 0, 1, 3.4078691e-06, -1.0494033e-05, 0.059977166)
body_offset = Transform3D(1, -1.2703345e-05, -7.78967e-06, -7.789669e-06, -1.3354915e-13, -1.0000001, 1.2703346e-05, 1.0000002, 5.9603718e-08, -2.9408002e-06, 0.059977174, 1.04904175e-05)

[node name="Physical Bone mixamorig6_Spine1" parent="PlayerController/LeanAndRotationPoint/IKCharacterMesh/MixamoRacer/Skeleton3D/PhysicalBoneSimulator3D" index="2"]
transform = Transform3D(1.0000001, -1.2654364e-05, -7.718704e-06, -1.4635333e-05, -0.7604017, -0.6494533, 2.3491023e-06, 0.6494533, -0.76040155, -1.6199298e-05, 1.1737549, -0.12660122)
joint_offset = Transform3D(1, 0, 0, 0, 1, 0, 0, 0, 1, 1.6688216e-05, -0.008789542, 0.0762121)
body_offset = Transform3D(1, -1.2703345e-05, -7.78967e-06, -7.789669e-06, -1.3354915e-13, -1.0000001, 1.2703346e-05, 1.0000002, 5.9603718e-08, -1.6206206e-05, 0.07621211, 0.008789539)

[node name="Physical Bone mixamorig6_Head" parent="PlayerController/LeanAndRotationPoint/IKCharacterMesh/MixamoRacer/Skeleton3D/PhysicalBoneSimulator3D" index="3"]
transform = Transform3D(-1.0000001, -4.4823697e-08, 3.5050292e-07, -1.3679754e-07, 0.9636829, -0.2670498, -3.2580348e-07, -0.26704976, -0.9636828, 3.369717e-05, 1.3729564, 0.20817138)
joint_offset = Transform3D(1, 0, 0, 0, 1, 0, 0, 0, 1, 3.3758486e-05, -0.0036880113, 0.144416)
body_offset = Transform3D(-1.0000001, 2.9571254e-08, 3.0690114e-07, -2.7939666e-07, 0.3340243, -0.9425646, -1.3038525e-07, -0.9425647, -0.33402422, 3.3714277e-05, 0.1373533, 0.044762254)

[node name="Physical Bone mixamorig6_LeftShoulder" parent="PlayerController/LeanAndRotationPoint/IKCharacterMesh/MixamoRacer/Skeleton3D/PhysicalBoneSimulator3D" index="4"]
transform = Transform3D(-0.027138462, -0.2632247, -0.9643529, 0.75974655, -0.63238776, 0.15123269, -0.64965296, -0.7285594, 0.217146, 0.12536894, 1.2983392, 0.0021777474)
joint_offset = Transform3D(1, 0, 0, 0, 1, 0, 0, 0, 1, 0.001159616, -0.0011830141, 0.06609172)
body_offset = Transform3D(1.0000001, -2.0713545e-05, -4.8801303e-07, -5.234033e-07, 1.1920929e-06, -1.0000001, 2.0495616e-05, 1.0000002, 1.1622906e-06, -0.0011596084, 0.066091724, 0.0011829138)

[node name="Physical Bone mixamorig6_LeftArm" parent="PlayerController/LeanAndRotationPoint/IKCharacterMesh/MixamoRacer/Skeleton3D/PhysicalBoneSimulator3D" index="5"]
transform = Transform3D(-0.067398265, -0.04491121, -0.99671495, 0.76517093, -0.6434254, -0.022748897, -0.64028996, -0.76419026, 0.0777305, 0.32469124, 1.292917, -0.02297354)
joint_offset = Transform3D(1, 0, 0, 0, 1, 0, 0, 0, 1, -7.001506e-05, -0.0006028664, 0.13685694)
body_offset = Transform3D(1.0004754, -0.00036648614, -4.0717423e-05, -4.0911138e-05, -0.00049135834, -1.0004753, 0.00036626542, 1.0004753, -0.00049142167, 7.5399876e-05, 0.1369217, 0.00067043304)

[node name="Physical Bone mixamorig6_LeftHand" parent="PlayerController/LeanAndRotationPoint/IKCharacterMesh/MixamoRacer/Skeleton3D/PhysicalBoneSimulator3D" index="6"]
transform = Transform3D(0.068821326, 0.7580115, -0.6486004, 0.13737094, 0.6367485, 0.7587364, 0.988126, -0.14131606, -0.06030686, 0.7262581, 1.2714722, -0.021166114)
joint_offset = Transform3D(1, 0, 0, 0, 1, 0, 0, 0, 1, 0.0006075236, 0.0004701896, 0.02076287)
body_offset = Transform3D(-0.4666589, 0.6087419, 0.6425343, 2.719462e-06, 0.7263665, -0.6881633, -0.88511026, -0.32094774, -0.33876854, -0.013343573, 0.013946712, 0.0077224374)

[node name="Physical Bone mixamorig6_RightShoulder" parent="PlayerController/LeanAndRotationPoint/IKCharacterMesh/MixamoRacer/Skeleton3D/PhysicalBoneSimulator3D" index="7"]
transform = Transform3D(-0.025580589, 0.26336536, 0.96435714, -0.75966626, -0.6321804, 0.15249716, 0.64980996, -0.7286884, 0.21624127, -0.12455891, 1.2981596, 0.0015137611)
joint_offset = Transform3D(1, 0, 0, 0, 1, 0, 0, 0, 1, -0.00065366924, -0.0019754171, 0.06548332)
body_offset = Transform3D(1.0000002, 0.00015478302, -0.00020308793, -0.00020295568, -2.4437904e-06, -1.0000004, -0.0001546829, 1.0000004, -2.4437904e-06, 0.000667274, 0.0654832, 0.0019754767)

[node name="Physical Bone mixamorig6_RightArm" parent="PlayerController/LeanAndRotationPoint/IKCharacterMesh/MixamoRacer/Skeleton3D/PhysicalBoneSimulator3D" index="8"]
transform = Transform3D(-0.066119015, 0.044584345, 0.9968153, -0.7656396, -0.64289266, -0.022030545, 0.6398629, -0.7646577, 0.076642945, -0.32327637, 1.2928742, -0.022053884)
joint_offset = Transform3D(1, 0, 0, 0, 1, 0, 0, 0, 1, -2.0896798e-05, -2.6036625e-05, 0.13538945)
body_offset = Transform3D(0.9998666, -0.00019041542, -3.5457313e-05, -3.5375357e-05, -1.2375414e-05, -0.9998666, 0.00019048736, 0.99986637, -1.2401491e-05, 2.5689602e-05, 0.13537139, 2.771616e-05)

[node name="Physical Bone mixamorig6_RightHand" parent="PlayerController/LeanAndRotationPoint/IKCharacterMesh/MixamoRacer/Skeleton3D/PhysicalBoneSimulator3D" index="9"]
transform = Transform3D(0.06997499, -0.77795976, 0.6244057, -0.11259882, 0.61577994, 0.77983135, -0.9911736, -0.12487599, -0.044508137, -0.7273029, 1.2700938, -0.020925868)
joint_offset = Transform3D(1, 0, 0, 0, 1, 0, 0, 0, 1, -0.0001319712, 0.00010456797, 0.022228993)
body_offset = Transform3D(-0.48943216, -0.58297205, -0.6485722, -4.954636e-06, 0.74378824, -0.6685538, 0.8720906, -0.32718682, -0.36401263, 0.014413476, 0.014783502, 0.008240938)

[node name="Physical Bone mixamorig6_LeftUpLeg" parent="PlayerController/LeanAndRotationPoint/IKCharacterMesh/MixamoRacer/Skeleton3D/PhysicalBoneSimulator3D" index="10"]
transform = Transform3D(-0.99663746, 8.695797e-06, -0.08193957, -0.041655082, -0.8611965, 0.5065627, -0.07056164, 0.5082724, 0.8583008, 0.10822544, 0.8517107, -0.58304316)
joint_offset = Transform3D(1, 0, 0, 0, 1, 0, 0, 0, 1, -2.4435372e-05, 1.0423731e-06, 0.20449986)
body_offset = Transform3D(1.0000004, -8.933259e-06, 1.7985702e-05, 1.7948449e-05, -3.2766707e-06, -1.0000001, 8.941085e-06, 1.0000002, -3.3473227e-06, 2.0757318e-05, 0.20449989, -3.5762787e-07)

[node name="Physical Bone mixamorig6_LeftLeg" parent="PlayerController/LeanAndRotationPoint/IKCharacterMesh/MixamoRacer/Skeleton3D/PhysicalBoneSimulator3D" index="11"]
transform = Transform3D(-0.9979735, -0.0008450568, -0.06362751, -0.032357864, -0.8542429, 0.51886636, -0.05479181, 0.51987356, 0.8524842, 0.13739844, 0.6470236, -0.92474234)
joint_offset = Transform3D(1, 0, 0, 0, 1, 0, 0, 0, 1, -2.1659537e-06, 4.1367435e-05, 0.19491136)
body_offset = Transform3D(1.0000004, -1.7551589e-05, -3.5241246e-06, -3.5464764e-06, -6.294737e-05, -1, 1.755578e-05, 1.0000001, -6.300473e-05, 2.8535724e-06, 0.19491136, -2.9087067e-05)

[node name="Physical Bone mixamorig6_LeftFoot" parent="PlayerController/LeanAndRotationPoint/IKCharacterMesh/MixamoRacer/Skeleton3D/PhysicalBoneSimulator3D" index="12"]
transform = Transform3D(-0.98507607, 0.037509922, -0.16798346, -0.16954814, -0.043369044, 0.98456734, 0.029645752, 0.99835473, 0.049081534, 0.16594651, 0.45006633, -1.0959051)
joint_offset = Transform3D(1, 0, 0, 0, 1, 0, 0, 0, 1, -0.00019389366, 0.00032321207, 0.09734333)
body_offset = Transform3D(1.0000005, 0.00015094876, -0.00020593405, -0.00020617247, 0.0011112904, -0.9999995, -0.0001507625, 0.9999994, 0.0011112969, 0.00021389127, 0.09734288, -0.00043141842)

[node name="Physical Bone mixamorig6_RightUpLeg" parent="PlayerController/LeanAndRotationPoint/IKCharacterMesh/MixamoRacer/Skeleton3D/PhysicalBoneSimulator3D" index="13"]
transform = Transform3D(-0.99663603, -5.2132536e-06, 0.08195638, 0.042034417, -0.8584883, 0.5111078, 0.070355915, 0.5128333, 0.8556004, -0.10825128, 0.8525126, -0.5841259)
joint_offset = Transform3D(1, 0, 0, 0, 1, 0, 0, 0, 1, 2.973952e-05, -0.00012448942, 0.20483844)
body_offset = Transform3D(1.0000002, 4.3101863e-06, -2.30968e-06, -2.2947788e-06, 1.189633e-05, -1.0000001, -4.313523e-06, 1.0000001, 1.1810574e-05, -2.926588e-05, 0.20483847, 0.00012207031)

[node name="Physical Bone mixamorig6_RightLeg" parent="PlayerController/LeanAndRotationPoint/IKCharacterMesh/MixamoRacer/Skeleton3D/PhysicalBoneSimulator3D" index="14"]
transform = Transform3D(-0.9979763, -2.806812e-05, 0.06358925, 0.032620862, -0.8586186, 0.51157624, 0.054584537, 0.51261514, 0.85688174, -0.13741745, 0.64834505, -0.9262498)
joint_offset = Transform3D(1, 0, 0, 0, 1, 0, 0, 0, 1, 1.3052932e-05, 7.489085e-06, 0.19550104)
body_offset = Transform3D(1.0000004, 1.1179582e-05, 4.8801303e-06, 4.887581e-06, -0.00014121007, -1.0000002, -1.1185308e-05, 1.0000001, -0.00014135634, -1.40070915e-05, 0.19550109, 2.014637e-05)

[node name="Physical Bone mixamorig6_RightFoot" parent="PlayerController/LeanAndRotationPoint/IKCharacterMesh/MixamoRacer/Skeleton3D/PhysicalBoneSimulator3D" index="15"]
transform = Transform3D(-0.9853465, -0.034141667, 0.16711336, 0.1683484, -0.0372189, 0.9850248, -0.0274106, 0.9987238, 0.042421196, -0.16608459, 0.4525, -1.097163)
joint_offset = Transform3D(1, 0, 0, 0, 1, 0, 0, 0, 1, 6.491962e-05, 0.00011598644, 0.097867526)
body_offset = Transform3D(1.0000002, 0.00012253597, -9.6172094e-05, -9.612739e-05, 2.9215124e-05, -1.0000001, -0.00012247264, 1.0000001, 2.9357616e-05, -5.5521727e-05, 0.09786755, -0.00011885166)

[node name="LeftArmTarget" parent="PlayerController/LeanAndRotationPoint/IKCharacterMesh/Targets" index="1"]
transform = Transform3D(0.3579994, -0.93358016, -0.016309597, 0.93356377, 0.35820627, -0.012218971, 0.01724959, -0.010851652, 0.9997927, 0.17065138, 0.54643035, 0.28627902)

[node name="RightArmTarget" parent="PlayerController/LeanAndRotationPoint/IKCharacterMesh/Targets" index="2"]
transform = Transform3D(0.8961883, -0.3793981, 0.2300072, 0.21667144, -0.078135364, -0.97311294, 0.3871686, 0.9219289, 0.012180731, -0.171, 0.546, 0.286)

[node name="ButtTarget" parent="PlayerController/LeanAndRotationPoint/IKCharacterMesh/Targets" index="3"]
transform = Transform3D(0.9972987, -0.047047753, -0.05641315, 0.01188279, 0.8611872, -0.50814825, 0.0724896, 0.5061051, 0.8594196, 8.562988e-08, 0.64300925, -0.23276967)

[node name="LeftLegTarget" parent="PlayerController/LeanAndRotationPoint/IKCharacterMesh/Targets" index="4"]
transform = Transform3D(-0.9942024, -0.03528861, -0.101570226, -0.059410848, -0.6070492, 0.7924391, -0.08962238, 0.7938791, 0.6014333, 0.19855502, 0.28965372, -0.018588275)

[node name="RightLegTarget" parent="PlayerController/LeanAndRotationPoint/IKCharacterMesh/Targets" index="5"]
transform = Transform3D(-0.99056566, -0.062187843, -0.12210242, -0.05953958, -0.60723275, 0.7922895, -0.12341523, 0.79208636, 0.59780204, -0.199, 0.29, -0.019)

[node name="EngineSound" parent="PlayerController/Sounds" index="0"]
volume_db = -25.0

[node name="DirectionalLight3D" type="DirectionalLight3D" parent="."]
transform = Transform3D(-0.8660254, -0.43301278, 0.25, 0, 0.49999997, 0.86602545, -0.50000006, 0.75, -0.43301266, 0, 0, 0)
light_color = Color(0.93662876, 0.78549045, 0.6625095, 1)
shadow_enabled = true

[node name="WorldEnvironment" type="WorldEnvironment" parent="."]
environment = SubResource("Environment_sc48v")

[node name="City Mesh" parent="." instance=ExtResource("1_114d3")]
transform = Transform3D(10, 0, 0, 0, 10, 0, 0, 0, 10, 17.684, -41.359, 31.205)

[node name="Ramp" type="Node3D" parent="."]
transform = Transform3D(1, 0, 0, 0, 1, 0, 0, 0, 1, 124.67141, 0.08500248, -5.494201)

[node name="CSGBox3DRAMP2" type="CSGBox3D" parent="Ramp"]
transform = Transform3D(-4.371139e-08, -0.25881904, 0.9659258, 0, 0.96592593, 0.25881907, -1.0000001, 1.13133405e-08, -4.2221963e-08, 0, 0.94429934, 0)
use_collision = true
size = Vector3(4, 0.1, 8.349)

[node name="CSGBox3DRAMP3" type="CSGBox3D" parent="Ramp"]
transform = Transform3D(-4.1906574e-08, -0.5228259, 0.8524394, -1.2430799e-08, 0.8524395, 0.5228259, -1.0000001, 1.13133405e-08, -4.2221966e-08, 5.1975117, 2.7701871, 0)
use_collision = true
size = Vector3(4, 0.1, 3.282)

[node name="Ramp2" type="Node3D" parent="."]
transform = Transform3D(1, 0, 0, 0, 1, 0, 0, 0, 1, 193.76974, 0.08500248, 269.42715)

[node name="CSGBox3D17" type="CSGBox3D" parent="Ramp2"]
transform = Transform3D(1, 0, 0, 0, 1, 0, 0, 0, 1, -57.032684, 1.3001173, -274.8331)
use_collision = true
collision_layer = 3
size = Vector3(8.967552, 2.7702394, 3.2959795)

[node name="CSGBox3DRAMP2" type="CSGBox3D" parent="Ramp2"]
transform = Transform3D(-4.371139e-08, -0.25881904, 0.9659258, 0, 0.96592593, 0.25881907, -1.0000001, 1.13133405e-08, -4.2221963e-08, 0, 0.94429934, 0)
use_collision = true
size = Vector3(4, 0.1, 8.349)

[node name="CSGBox3DRAMP3" type="CSGBox3D" parent="Ramp2"]
transform = Transform3D(-4.1906574e-08, -0.5228259, 0.8524394, -1.2430799e-08, 0.8524395, 0.5228259, -1.0000001, 1.13133405e-08, -4.2221966e-08, 5.1975117, 2.7701871, 0)
use_collision = true
size = Vector3(4, 0.1, 3.282)

[node name="CrashColliders" type="Node3D" parent="."]
visible = false

[node name="CSGBox3D" type="CSGBox3D" parent="CrashColliders"]
transform = Transform3D(1, 0, 0, 0, 1, 0, 0, 0, 1, 100.377884, 0.5, 24.806492)
use_collision = true
collision_layer = 3
size = Vector3(84.37645, 1, 39.758087)

[node name="CSGBox3D7" type="CSGBox3D" parent="CrashColliders"]
transform = Transform3D(1, 0, 0, 0, 1, 0, 0, 0, 1, 205.81018, 0.5, 23.942654)
use_collision = true
collision_layer = 3
size = Vector3(71.6136, 1, 38.03041)

[node name="CSGBox3D8" type="CSGBox3D" parent="CrashColliders"]
transform = Transform3D(1, 0, 0, 0, 1, 0, 0, 0, 1, 292.03314, 0.5, 23.094858)
use_collision = true
collision_layer = 3
size = Vector3(73.23018, 1, 35.728794)

[node name="CSGBox3D2" type="CSGBox3D" parent="CrashColliders"]
transform = Transform3D(1, 0, 0, 0, 1, 0, 0, 0, 1, 100.77937, 0.5, -43.01004)
use_collision = true
collision_layer = 3
size = Vector3(83.57348, 1, 40.288177)

[node name="CSGBox3D5" type="CSGBox3D" parent="CrashColliders"]
transform = Transform3D(1, 0, 0, 0, 1, 0, 0, 0, 1, 188.51074, 0.5, -55.853786)
use_collision = true
collision_layer = 3
size = Vector3(41.301468, 1, 69.6393)

[node name="CSGBox3D17" type="CSGBox3D" parent="CrashColliders"]
transform = Transform3D(1, 0, 0, 0, 1, 0, 0, 0, 1, 223.4282, 0.5, -72.79267)
use_collision = true
collision_layer = 3
size = Vector3(37.084587, 1, 31.893816)

[node name="CSGBox3D18" type="CSGBox3D" parent="CrashColliders"]
transform = Transform3D(1, 0, 0, 0, 1, 0, 0, 0, 1, 237.63278, 0.5, -36.499565)
use_collision = true
collision_layer = 3
size = Vector3(8.785659, 1, 31.013065)

[node name="gaspump1" type="CSGBox3D" parent="CrashColliders"]
transform = Transform3D(1, 0, 0, 0, 1, 0, 0, 0, 1, 222.65573, 0.5, -32.76452)
use_collision = true
collision_layer = 3
size = Vector3(4.150879, 1, 1)

[node name="gaspump2" type="CSGBox3D" parent="CrashColliders"]
transform = Transform3D(1, 0, 0, 0, 1, 0, 0, 0, 1, 222.65573, 0.5, -37.33491)
use_collision = true
collision_layer = 3
size = Vector3(4.150879, 1, 1)

[node name="gaspump3" type="CSGBox3D" parent="CrashColliders"]
transform = Transform3D(1, 0, 0, 0, 1, 0, 0, 0, 1, 222.65573, 0.5, -44.354774)
use_collision = true
collision_layer = 3
size = Vector3(4.150879, 1, 1)

[node name="gaspump4" type="CSGBox3D" parent="CrashColliders"]
transform = Transform3D(1, 0, 0, 0, 1, 0, 0, 0, 1, 222.65573, 0.5, -48.925167)
use_collision = true
collision_layer = 3
size = Vector3(4.150879, 1, 1)

[node name="gaspump5" type="CSGBox3D" parent="CrashColliders"]
transform = Transform3D(1, 0, 0, 0, 1, 0, 0, 0, 1, 215.23694, 0.5, -32.76452)
use_collision = true
collision_layer = 3
size = Vector3(4.150879, 1, 1)

[node name="gaspump6" type="CSGBox3D" parent="CrashColliders"]
transform = Transform3D(1, 0, 0, 0, 1, 0, 0, 0, 1, 215.23694, 0.5, -37.33491)
use_collision = true
collision_layer = 3
size = Vector3(4.150879, 1, 1)

[node name="gaspump7" type="CSGBox3D" parent="CrashColliders"]
transform = Transform3D(1, 0, 0, 0, 1, 0, 0, 0, 1, 215.23694, 0.5, -44.354774)
use_collision = true
collision_layer = 3
size = Vector3(4.150879, 1, 1)

[node name="gaspump8" type="CSGBox3D" parent="CrashColliders"]
transform = Transform3D(1, 0, 0, 0, 1, 0, 0, 0, 1, 215.23694, 0.5, -48.925167)
use_collision = true
collision_layer = 3
size = Vector3(4.150879, 1, 1)

[node name="CSGBox3D9" type="CSGBox3D" parent="CrashColliders"]
transform = Transform3D(1, 0, 0, 0, 1, 0, 0, 0, 1, 206.41069, 0.5, 87.29924)
use_collision = true
collision_layer = 3
size = Vector3(67.788734, 1, 58.357517)

[node name="CSGBox3D10" type="CSGBox3D" parent="CrashColliders"]
transform = Transform3D(1, 0, 0, 0, 1, 0, 0, 0, 1, 270.13724, 0.5, 86.650696)
use_collision = true
collision_layer = 3
size = Vector3(21.248087, 1, 57.92263)

[node name="CSGBox3D11" type="CSGBox3D" parent="CrashColliders"]
transform = Transform3D(1, 0, 0, 0, 1, 0, 0, 0, 1, 281.98154, 0.5, 148.53624)
use_collision = true
collision_layer = 3
size = Vector3(223.76868, 1, 34.95807)

[node name="CSGBox3D13" type="CSGBox3D" parent="CrashColliders"]
transform = Transform3D(1, 0, 0, 0, 1, 0, 0, 0, 1, -16.639923, 0.5, 148.53624)
use_collision = true
collision_layer = 3
size = Vector3(315.3703, 1, 34.95807)

[node name="CSGBox3D14" type="CSGBox3D" parent="CrashColliders"]
transform = Transform3D(1, 0, 0, 0, 1, 0, 0, 0, 1, -237.15387, 0.5, 148.53624)
use_collision = true
collision_layer = 3
size = Vector3(70.33847, 1, 34.95807)

[node name="CSGBox3D12" type="CSGBox3D" parent="CrashColliders"]
transform = Transform3D(1, 0, 0, 0, 1, 0, 0, 0, 1, 453.48645, 0.5, 148.53624)
use_collision = true
collision_layer = 3
size = Vector3(67.18106, 1, 34.95807)

[node name="CSGBox3D6" type="CSGBox3D" parent="CrashColliders"]
transform = Transform3D(1, 0, 0, 0, 1, 0, 0, 0, 1, 327.08206, 0.5, -55.92622)
use_collision = true
collision_layer = 3
size = Vector3(139.69312, 1, 69.30435)

[node name="CSGBox3D3" type="CSGBox3D" parent="CrashColliders"]
transform = Transform3D(1, 0, 0, 0, 1, 0, 0, 0, 1, 100.29118, 0.5, -98.89762)
use_collision = true
collision_layer = 3
size = Vector3(83.31464, 1, 41.103195)

[node name="CSGBox3D4" type="CSGBox3D" parent="CrashColliders"]
transform = Transform3D(1, 0, 0, 0, 1, 0, 0, 0, 1, 283.0649, 0.5, -116.02295)
use_collision = true
collision_layer = 3
size = Vector3(225.27196, 1, 19.685873)

[node name="CSGBox3D15" type="CSGBox3D" parent="CrashColliders"]
transform = Transform3D(1, 0, 0, 0, 1, 0, 0, 0, 1, 286.14645, 0.5, 212.34854)
use_collision = true
collision_layer = 3
size = Vector3(215.08203, 1, 68.31112)

[node name="CSGBox3D16" type="CSGBox3D" parent="CrashColliders"]
transform = Transform3D(1, 0, 0, 0, 1, 0, 0, 0, 1, -24.690594, 0.5, 212.34854)
use_collision = true
collision_layer = 3
size = Vector3(298.64545, 1, 68.31112)

[node name="LevelBorderCollider" type="CSGBox3D" parent="CrashColliders"]
transform = Transform3D(1, 0, 0, 0, 1, 0, 0, 0, 1, -272.41718, 0.5, 0)
use_collision = true
collision_layer = 3
size = Vector3(0.1, 100, 2000)

[node name="LevelBorderCollider4" type="CSGBox3D" parent="CrashColliders"]
transform = Transform3D(1, 0, 0, 0, 1, 0, 0, 0, 1, 483.96387, 0.5, 0)
use_collision = true
collision_layer = 3
size = Vector3(0.1, 100, 2000)

[node name="LevelBorderCollider2" type="CSGBox3D" parent="CrashColliders"]
transform = Transform3D(-4.371139e-08, 0, 1, 0, 1, 0, -1, 0, -4.371139e-08, 0, 0.5, 308.07608)
use_collision = true
collision_layer = 3
size = Vector3(0.1, 100, 2000)

[node name="LevelBorderCollider3" type="CSGBox3D" parent="CrashColliders"]
transform = Transform3D(-4.371139e-08, 0, 1, 0, 1, 0, -1, 0, -4.371139e-08, 0, 0.5, -187.84547)
use_collision = true
collision_layer = 3
size = Vector3(0.1, 100, 2000)

[node name="Colliders" type="Node3D" parent="."]
visible = false

[node name="FloorBounds" type="StaticBody3D" parent="Colliders"]
collision_layer = 5

[node name="CollisionShape3D" type="CollisionShape3D" parent="Colliders/FloorBounds"]
shape = SubResource("WorldBoundaryShape3D_114d3")

[node name="CSGBox3D15" type="CSGBox3D" parent="Colliders"]
transform = Transform3D(1, 0, 0, 0, 1, 0, 0, 0, 1, 324.928, 0.06, -8.506)
use_collision = true
collision_layer = 5
size = Vector3(143.837, 0.11, 2.154)

[node name="CSGBox3D16" type="CSGBox3D" parent="Colliders"]
transform = Transform3D(1, 0, 0, 0, 1, 0, 0, 0, 1, 206.563, 0.06, -8.506)
use_collision = true
collision_layer = 5
size = Vector3(76.211, 0.11, 2.154)

[node name="CSGBox3D18" type="CSGBox3D" parent="Colliders"]
transform = Transform3D(-4.371139e-08, 0, 1, 0, 1, 0, -1, 0, -4.371139e-08, 155.782, 0.06, -71.104)
use_collision = true
collision_layer = 5
size = Vector3(99.072, 0.11, 2.154)

[node name="CSGBox3D19" type="CSGBox3D" parent="Colliders"]
transform = Transform3D(-4.371139e-08, 0, 1, 0, 1, 0, -1, 0, -4.371139e-08, 155.782, 0.06, 126.425)
use_collision = true
collision_layer = 5
size = Vector3(244.319, 0.11, 2.154)

[node name="CSGBox3D17" type="CSGBox3D" parent="Colliders"]
transform = Transform3D(1, 0, 0, 0, 1, 0, 0, 0, 1, -15.354, 0.06, -8.506)
use_collision = true
collision_layer = 5
size = Vector3(315.751, 0.11, 2.154)

[node name="bridge2" type="CSGBox3D" parent="Colliders"]
transform = Transform3D(-0.9950555, 0.09931974, -8.742278e-08, 0.09931974, 0.9950555, 0, 8.699051e-08, -8.682807e-09, -1, 320.10132, 7.7677493, -151.53696)
use_collision = true
collision_layer = 5
size = Vector3(159.616, 0.1, 30)

[node name="bridge4" type="CSGBox3D" parent="Colliders"]
transform = Transform3D(0.9950556, -0.09931976, 1.7484555e-07, 0.09931976, 0.9950556, -2.3682798e-16, -1.7398102e-07, 1.7365618e-08, 1, -98.6071, 7.7677493, -151.53696)
use_collision = true
collision_layer = 5
size = Vector3(159.616, 0.1, 30)

[node name="bridge3" type="CSGBox3D" parent="Colliders"]
transform = Transform3D(-0.99999994, 0, 8.742278e-08, 0, 0.99999994, 0, -8.742277e-08, 0, -1, 110.747925, 15.693, -151.537)
use_collision = true
collision_layer = 5
size = Vector3(259.87, 0.1, 30)

[editable path="PlayerController"]
[editable path="PlayerController/LeanAndRotationPoint/IKCharacterMesh"]
[editable path="PlayerController/LeanAndRotationPoint/IKCharacterMesh/MixamoRacer"]
