[gd_scene load_steps=11 format=3 uid="uid://j2ul15tv0gig"]

[ext_resource type="PackedScene" uid="uid://cn1f0g4b2vnrf" path="res://assets/level/city.glb" id="1_114d3"]
[ext_resource type="Script" uid="uid://dcgws53fimvpw" path="res://scenes/level/main_level.gd" id="1_sc48v"]
[ext_resource type="PackedScene" uid="uid://bmqevs0vheol7" path="res://scenes/bike/player_controller.tscn" id="2_p3kgh"]
[ext_resource type="PackedScene" uid="uid://bdv4bgnhiss2w" path="res://scenes/level/main_menu.tscn" id="3_hv5hi"]
[ext_resource type="Shader" uid="uid://d3wh0vlxw230r" path="res://assets/materials/sky.gdshader" id="4_o6ikn"]
[ext_resource type="ArrayOccluder3D" uid="uid://dkwpsptgimbyr" path="res://scenes/level/main_level.occ" id="6_atywb"]

[sub_resource type="ShaderMaterial" id="ShaderMaterial_atywb"]
shader = ExtResource("4_o6ikn")
shader_parameter/sky_color = Color(0.2754989, 0.31298247, 0.3754213, 1)
shader_parameter/star_base_color = Color(0.915, 1, 0.7, 1)
shader_parameter/star_hue_offset = 0.2350000111625
shader_parameter/star_intensity = 0.08
shader_parameter/star_twinkle_speed = 0.8
shader_parameter/star_twinkle_intensity = 0.2
shader_parameter/layer_scale = 20.0
shader_parameter/layer_scale_step = 10.0
shader_parameter/layers_count = 3

[sub_resource type="Sky" id="Sky_hv5hi"]
sky_material = SubResource("ShaderMaterial_atywb")

[sub_resource type="Environment" id="Environment_sc48v"]
background_mode = 2
sky = SubResource("Sky_hv5hi")
tonemap_mode = 2

[sub_resource type="WorldBoundaryShape3D" id="WorldBoundaryShape3D_114d3"]

[node name="MainLevel" type="Node3D"]
script = ExtResource("1_sc48v")

[node name="OccluderInstance3D" type="OccluderInstance3D" parent="."]
occluder = ExtResource("6_atywb")

[node name="MainMenu" parent="." instance=ExtResource("3_hv5hi")]
unique_name_in_owner = true

[node name="PlayerController" parent="." instance=ExtResource("2_p3kgh")]
transform = Transform3D(-4.371139e-08, 0, -1, 0, 1, 0, 1, 0, -4.371139e-08, 0, 0, 0)

[node name="Physical Bone mixamorig6_Spine1" parent="PlayerController/BikeMesh/IKCharacterMesh/MixamoRacer/Skeleton3D/PhysicalBoneSimulator3D" index="0"]
transform = Transform3D(0.9914827, -0.10117484, 0.08201102, -0.051755924, -0.883922, -0.4647615, 0.119513504, 0.4565584, -0.88162977, -0.013345985, 1.1467776, -0.11855699)
joint_offset = Transform3D(1, 0, 0, 0, 1, 0, 0, 0, 1, 1.8707459e-07, 1.1237869e-08, 0.068559796)
body_offset = Transform3D(0.99999994, 2.3841858e-07, 9.685755e-08, 9.685755e-08, -4.4703484e-08, -1, -2.3841858e-07, 1.0000001, -1.6391277e-07, -1.937151e-07, 0.068559796, 0)

[node name="Physical Bone mixamorig6_Head" parent="PlayerController/BikeMesh/IKCharacterMesh/MixamoRacer/Skeleton3D/PhysicalBoneSimulator3D" index="1"]
transform = Transform3D(-0.9809579, -0.0147894025, 0.1936566, 0.07646246, 0.88716716, 0.45506915, -0.17853597, 0.4612111, -0.8691429, -0.069898, 1.1703286, 0.24728787)
joint_offset = Transform3D(1, 0, 0, 0, 1, 0, 0, 0, 1, -1.6289896e-08, -0.003926918, 0.14458162)
body_offset = Transform3D(-0.9999999, -1.03376806e-07, 1.937151e-07, -2.8312206e-07, 0.33401838, -0.94256663, -3.7252903e-09, -0.9425665, -0.33401847, -4.4703484e-08, 0.13758945, 0.044591546)

[node name="Physical Bone mixamorig6_LeftShoulder" parent="PlayerController/BikeMesh/IKCharacterMesh/MixamoRacer/Skeleton3D/PhysicalBoneSimulator3D" index="2"]
transform = Transform3D(-0.04690826, -0.15356053, -0.98702526, 0.90319175, -0.42857963, 0.023753967, -0.42666656, -0.89035875, 0.15879853, 0.0930252, 1.2301295, 0.06342704)
joint_offset = Transform3D(1, 0, 0, 0, 1, 0, 0, 0, 1, 6.34747e-09, 1.3943453e-06, 0.06553852)
body_offset = Transform3D(0.99999994, 3.0826777e-07, -9.685755e-08, -5.5879354e-08, -3.427267e-07, -0.99999994, -2.682209e-07, 0.99999994, -3.5762787e-07, 0, 0.06553851, -1.3709068e-06)

[node name="Physical Bone mixamorig6_LeftArm" parent="PlayerController/BikeMesh/IKCharacterMesh/MixamoRacer/Skeleton3D/PhysicalBoneSimulator3D" index="3"]
transform = Transform3D(0.25765747, -0.9460696, -0.19637978, 0.18018135, -0.15263245, 0.97171915, -0.94928783, -0.28575465, 0.13113722, 0.18428305, 1.0970978, 0.03526955)
joint_offset = Transform3D(1, 0, 0, 0, 1, 0, 0, 0, 1, -7.2285917e-07, 9.1085707e-07, 0.13530001)
body_offset = Transform3D(1.0004752, -2.0861626e-07, -1.2628734e-06, -1.4007092e-06, -6.750226e-06, -1.000475, 2.682209e-07, 1.000475, -6.735325e-06, 8.940697e-07, 0.1353643, 0)

[node name="Physical Bone mixamorig6_LeftForeArm" parent="PlayerController/BikeMesh/IKCharacterMesh/MixamoRacer/Skeleton3D/PhysicalBoneSimulator3D" index="4"]
transform = Transform3D(0.5374572, -0.81950915, -0.19885795, 0.21503356, -0.09483343, 0.97199136, -0.8154142, -0.5651649, 0.12525307, 0.23634733, 0.8414389, 0.0015049197)
joint_offset = Transform3D(1, 0, 0, 0, 1, 0, 0, 0, 1, -7.9143836e-05, 5.8309095e-05, 0.12779301)
body_offset = Transform3D(1.0005165, 7.1525574e-07, -7.003546e-07, -8.1956387e-07, 2.8163195e-06, -1.0005168, -5.066395e-07, 1.0005164, 2.9057264e-06, 7.927418e-05, 0.12785906, -5.8710575e-05)

[node name="Physical Bone mixamorig6_LeftHand" parent="PlayerController/BikeMesh/IKCharacterMesh/MixamoRacer/Skeleton3D/PhysicalBoneSimulator3D" index="5"]
transform = Transform3D(0.8841006, 0.29517823, 0.36226493, 0.15917595, -0.91910386, 0.360432, 0.4393507, -0.2609943, -0.85956556, 0.2543551, 0.7098436, 0.0031945996)
joint_offset = Transform3D(1, 0, 0, 0, 1, 0, 0, 0, 1, -0.00012729829, -3.3730175e-05, 0.020494698)
body_offset = Transform3D(-0.4666607, 0.6087407, 0.6425337, -3.0733645e-07, 0.72636575, -0.6881637, -0.885109, -0.32095128, -0.33876765, -0.013207406, 0.014128208, 0.006819442)

[node name="Physical Bone mixamorig6_RightShoulder" parent="PlayerController/BikeMesh/IKCharacterMesh/MixamoRacer/Skeleton3D/PhysicalBoneSimulator3D" index="6"]
transform = Transform3D(-0.40648755, 0.49298498, 0.76924235, -0.8550368, -0.5019766, -0.13012144, 0.32199374, -0.71062326, 0.6255675, -0.14418022, 1.2498357, 0.014629423)
joint_offset = Transform3D(1, 0, 0, 0, 1, 0, 0, 0, 1, -1.953157e-09, 1.3092841e-07, 0.065538265)
body_offset = Transform3D(1.0000002, -2.682209e-07, 2.9802322e-08, 0, -2.9802322e-08, -1.0000004, 1.4901161e-08, 1.0000002, -1.7881393e-07, 0, 0.06553829, -1.1920929e-07)

[node name="Physical Bone mixamorig6_RightArm" parent="PlayerController/BikeMesh/IKCharacterMesh/MixamoRacer/Skeleton3D/PhysicalBoneSimulator3D" index="7"]
transform = Transform3D(-0.1129951, 0.9880347, 0.104974054, -0.06279142, -0.1125404, 0.9916612, 0.9916095, 0.10546138, 0.07475662, -0.20880511, 1.124133, -0.03648856)
joint_offset = Transform3D(1, 0, 0, 0, 1, 0, 0, 0, 1, 2.0212478e-06, -3.6694843e-07, 0.13536093)
body_offset = Transform3D(0.99986666, -9.009242e-05, -1.3004057e-05, -1.2954697e-05, -4.4703484e-06, -0.9998664, 9.016693e-05, 0.99986637, -4.336238e-06, -2.6077032e-07, 0.13534284, 9.536743e-07)

[node name="Physical Bone mixamorig6_RightForeArm" parent="PlayerController/BikeMesh/IKCharacterMesh/MixamoRacer/Skeleton3D/PhysicalBoneSimulator3D" index="8"]
transform = Transform3D(0.3191263, 0.9416412, 0.107099764, -0.09891401, -0.07929726, 0.99193144, 0.94253623, -0.3271451, 0.06783566, -0.23670633, 0.8631065, -0.055273045)
joint_offset = Transform3D(1, 0, 0, 0, 1, 0, 0, 0, 1, -1.0594174e-06, 4.4098584e-07, 0.12782094)
body_offset = Transform3D(0.999861, -1.9967556e-06, 1.2665987e-07, 1.2293458e-07, 4.313886e-06, -0.99986076, 1.8179417e-06, 0.9998607, 4.477799e-06, 1.0430813e-06, 0.12780315, -1.013279e-06)

[node name="Physical Bone mixamorig6_RightHand" parent="PlayerController/BikeMesh/IKCharacterMesh/MixamoRacer/Skeleton3D/PhysicalBoneSimulator3D" index="9"]
transform = Transform3D(0.87145805, -0.3529806, -0.3405373, -0.22461003, -0.9044362, 0.36269218, -0.43601754, -0.23958294, -0.8674611, -0.2428797, 0.7282691, -0.044802833)
joint_offset = Transform3D(1, 0, 0, 0, 1, 0, 0, 0, 1, -5.4258853e-06, 6.0810708e-06, 0.022069113)
body_offset = Transform3D(-0.48943236, -0.58297, -0.6485737, 1.7192215e-06, 0.74378747, -0.66855454, 0.87209034, -0.3271918, -0.3640086, 0.014314339, 0.014749885, 0.0080400705)

[node name="Physical Bone mixamorig6_LeftUpLeg" parent="PlayerController/BikeMesh/IKCharacterMesh/MixamoRacer/Skeleton3D/PhysicalBoneSimulator3D" index="10"]
transform = Transform3D(-0.9855406, 0.09562078, -0.13988012, -0.16090165, -0.2693976, 0.94949234, 0.053107824, 0.9582702, 0.28088778, 0.12009262, 0.7611322, -0.46495843)
joint_offset = Transform3D(1, 0, 0, 0, 1, 0, 0, 0, 1, -5.942163e-06, -8.6119866e-07, 0.20449814)
body_offset = Transform3D(1.0000004, -3.1143427e-06, 2.1770597e-05, 2.1725893e-05, 3.5557896e-06, -1.0000001, 3.0770898e-06, 1.0000001, 3.6284328e-06, 1.4901161e-06, 0.20449817, 1.1920929e-07)

[node name="Physical Bone mixamorig6_LeftLeg" parent="PlayerController/BikeMesh/IKCharacterMesh/MixamoRacer/Skeleton3D/PhysicalBoneSimulator3D" index="11"]
transform = Transform3D(-0.9509477, 0.2921381, 0.10175347, -0.30830953, -0.92198384, -0.2342884, 0.025370488, -0.2541676, 0.9668274, 0.128866, 0.6126021, -0.71079975)
joint_offset = Transform3D(1, 0, 0, 0, 1, 0, 0, 0, 1, -5.2077517e-06, -1.3063592e-05, 0.19486186)
body_offset = Transform3D(1.0000005, -5.2839518e-05, 1.3336539e-06, 1.385808e-06, 3.2529235e-05, -1.0000001, 5.275011e-05, 1.0000002, 3.247708e-05, 4.9471855e-06, 0.19486189, 6.735325e-06)

[node name="Physical Bone mixamorig6_LeftFoot" parent="PlayerController/BikeMesh/IKCharacterMesh/MixamoRacer/Skeleton3D/PhysicalBoneSimulator3D" index="12"]
transform = Transform3D(-0.82520616, 0.31577882, -0.4683146, -0.4456311, -0.87343144, 0.196292, -0.3470558, 0.3706769, 0.86148185, 0.1544985, 0.6391852, -0.9828521)
joint_offset = Transform3D(1, 0, 0, 0, 1, 0, 0, 0, 1, -2.060422e-05, -5.6338404e-06, 0.09709618)
body_offset = Transform3D(1.0000002, -0.00016146898, 0.00021365285, 0.00021362305, 5.4359436e-05, -1.0000002, 0.00016149879, 1.0000001, 5.4374337e-05, -1.4156103e-07, 0.097096205, 3.5762787e-07)

[node name="Physical Bone mixamorig6_RightUpLeg" parent="PlayerController/BikeMesh/IKCharacterMesh/MixamoRacer/Skeleton3D/PhysicalBoneSimulator3D" index="13"]
transform = Transform3D(-0.978915, -0.19995423, -0.04175923, 0.08649676, -0.59096444, 0.802047, -0.18505089, 0.78152376, 0.5957993, -0.0829563, 0.793357, -0.5307215)
joint_offset = Transform3D(1, 0, 0, 0, 1, 0, 0, 0, 1, 6.068549e-07, -1.803635e-06, 0.20442325)
body_offset = Transform3D(1.0000001, 0, -9.275973e-07, -9.797513e-07, 2.5108457e-06, -1.0000001, -1.4901161e-08, 1.0000001, 2.4084002e-06, -4.172325e-07, 0.20442328, 1.3113022e-06)

[node name="Physical Bone mixamorig6_RightLeg" parent="PlayerController/BikeMesh/IKCharacterMesh/MixamoRacer/Skeleton3D/PhysicalBoneSimulator3D" index="14"]
transform = Transform3D(-0.98673517, 3.796565e-05, -0.16233876, -0.00013027385, -0.9999999, 0.00055796985, -0.16233872, 0.0005717169, 0.986735, -0.04276815, 0.6293019, -0.8449023)
joint_offset = Transform3D(1, 0, 0, 0, 1, 0, 0, 0, 1, -4.2839238e-07, 3.2768048e-07, 0.19497862)
body_offset = Transform3D(1.0000002, -1.704393e-08, 7.4505806e-07, 7.4505806e-07, -3.4859067e-07, -1.0000001, 7.275958e-12, 1.0000001, -4.578037e-07, 2.8312206e-07, 0.19497865, -2.3841858e-07)

[node name="Physical Bone mixamorig6_RightFoot" parent="PlayerController/BikeMesh/IKCharacterMesh/MixamoRacer/Skeleton3D/PhysicalBoneSimulator3D" index="15"]
transform = Transform3D(-0.8146625, -0.29836622, 0.4972953, 0.5564996, -0.16088615, 0.81512195, -0.16319695, 0.9407939, 0.29710862, -0.059764467, 0.5494329, -1.0663544)
joint_offset = Transform3D(1, 0, 0, 0, 1, 0, 0, 0, 1, 1.1358583e-05, -5.755924e-06, 0.09784164)
body_offset = Transform3D(1.0000002, -1.1920929e-07, -9.536743e-07, -9.536743e-07, 1.5050173e-06, -1.0000002, 2.3841858e-07, 1.0000001, 1.5646219e-06, -1.1265278e-05, 0.097841665, 5.6028366e-06)

[node name="DirectionalLight3D" type="DirectionalLight3D" parent="."]
transform = Transform3D(-0.8660254, -0.43301278, 0.25, 0, 0.49999997, 0.86602545, -0.50000006, 0.75, -0.43301266, 0, 0, 0)
light_color = Color(0.93662876, 0.78549045, 0.6625095, 1)
shadow_enabled = true

[node name="WorldEnvironment" type="WorldEnvironment" parent="."]
environment = SubResource("Environment_sc48v")

[node name="City Mesh" parent="." instance=ExtResource("1_114d3")]
transform = Transform3D(10, 0, 0, 0, 10, 0, 0, 0, 10, 17.684, -41.359, 31.205)

[node name="Ramp" type="Node3D" parent="."]
transform = Transform3D(1, 0, 0, 0, 1, 0, 0, 0, 1, 124.67141, 0.08500248, -5.494201)

[node name="CSGBox3DRAMP2" type="CSGBox3D" parent="Ramp"]
transform = Transform3D(-4.371139e-08, -0.25881904, 0.9659258, 0, 0.96592593, 0.25881907, -1.0000001, 1.13133405e-08, -4.2221963e-08, 0, 0.94429934, 0)
use_collision = true
size = Vector3(4, 0.1, 8.349)

[node name="CSGBox3DRAMP3" type="CSGBox3D" parent="Ramp"]
transform = Transform3D(-4.1906574e-08, -0.5228259, 0.8524394, -1.2430799e-08, 0.8524395, 0.5228259, -1.0000001, 1.13133405e-08, -4.2221966e-08, 5.1975117, 2.7701871, 0)
use_collision = true
size = Vector3(4, 0.1, 3.282)

[node name="Ramp2" type="Node3D" parent="."]
transform = Transform3D(1, 0, 0, 0, 1, 0, 0, 0, 1, 193.76974, 0.08500248, 269.42715)

[node name="CSGBox3D17" type="CSGBox3D" parent="Ramp2"]
transform = Transform3D(1, 0, 0, 0, 1, 0, 0, 0, 1, -57.032684, 1.3001173, -274.8331)
use_collision = true
collision_layer = 3
size = Vector3(8.967552, 2.7702394, 3.2959795)

[node name="CSGBox3DRAMP2" type="CSGBox3D" parent="Ramp2"]
transform = Transform3D(-4.371139e-08, -0.25881904, 0.9659258, 0, 0.96592593, 0.25881907, -1.0000001, 1.13133405e-08, -4.2221963e-08, 0, 0.94429934, 0)
use_collision = true
size = Vector3(4, 0.1, 8.349)

[node name="CSGBox3DRAMP3" type="CSGBox3D" parent="Ramp2"]
transform = Transform3D(-4.1906574e-08, -0.5228259, 0.8524394, -1.2430799e-08, 0.8524395, 0.5228259, -1.0000001, 1.13133405e-08, -4.2221966e-08, 5.1975117, 2.7701871, 0)
use_collision = true
size = Vector3(4, 0.1, 3.282)

[node name="CrashColliders" type="Node3D" parent="."]
visible = false

[node name="CSGBox3D" type="CSGBox3D" parent="CrashColliders"]
transform = Transform3D(1, 0, 0, 0, 1, 0, 0, 0, 1, 100.377884, 0.5, 24.806492)
use_collision = true
collision_layer = 3
size = Vector3(84.37645, 1, 39.758087)

[node name="CSGBox3D7" type="CSGBox3D" parent="CrashColliders"]
transform = Transform3D(1, 0, 0, 0, 1, 0, 0, 0, 1, 205.81018, 0.5, 23.942654)
use_collision = true
collision_layer = 3
size = Vector3(71.6136, 1, 38.03041)

[node name="CSGBox3D8" type="CSGBox3D" parent="CrashColliders"]
transform = Transform3D(1, 0, 0, 0, 1, 0, 0, 0, 1, 292.03314, 0.5, 23.094858)
use_collision = true
collision_layer = 3
size = Vector3(73.23018, 1, 35.728794)

[node name="CSGBox3D2" type="CSGBox3D" parent="CrashColliders"]
transform = Transform3D(1, 0, 0, 0, 1, 0, 0, 0, 1, 100.77937, 0.5, -43.01004)
use_collision = true
collision_layer = 3
size = Vector3(83.57348, 1, 40.288177)

[node name="CSGBox3D5" type="CSGBox3D" parent="CrashColliders"]
transform = Transform3D(1, 0, 0, 0, 1, 0, 0, 0, 1, 205.00119, 0.5, -55.853786)
use_collision = true
collision_layer = 3
size = Vector3(74.28238, 1, 69.6393)

[node name="CSGBox3D9" type="CSGBox3D" parent="CrashColliders"]
transform = Transform3D(1, 0, 0, 0, 1, 0, 0, 0, 1, 206.41069, 0.5, 87.29924)
use_collision = true
collision_layer = 3
size = Vector3(67.788734, 1, 58.357517)

[node name="CSGBox3D10" type="CSGBox3D" parent="CrashColliders"]
transform = Transform3D(1, 0, 0, 0, 1, 0, 0, 0, 1, 270.13724, 0.5, 86.650696)
use_collision = true
collision_layer = 3
size = Vector3(21.248087, 1, 57.92263)

[node name="CSGBox3D11" type="CSGBox3D" parent="CrashColliders"]
transform = Transform3D(1, 0, 0, 0, 1, 0, 0, 0, 1, 281.98154, 0.5, 148.53624)
use_collision = true
collision_layer = 3
size = Vector3(223.76868, 1, 34.95807)

[node name="CSGBox3D13" type="CSGBox3D" parent="CrashColliders"]
transform = Transform3D(1, 0, 0, 0, 1, 0, 0, 0, 1, -16.639923, 0.5, 148.53624)
use_collision = true
collision_layer = 3
size = Vector3(315.3703, 1, 34.95807)

[node name="CSGBox3D14" type="CSGBox3D" parent="CrashColliders"]
transform = Transform3D(1, 0, 0, 0, 1, 0, 0, 0, 1, -237.15387, 0.5, 148.53624)
use_collision = true
collision_layer = 3
size = Vector3(70.33847, 1, 34.95807)

[node name="CSGBox3D12" type="CSGBox3D" parent="CrashColliders"]
transform = Transform3D(1, 0, 0, 0, 1, 0, 0, 0, 1, 453.48645, 0.5, 148.53624)
use_collision = true
collision_layer = 3
size = Vector3(67.18106, 1, 34.95807)

[node name="CSGBox3D6" type="CSGBox3D" parent="CrashColliders"]
transform = Transform3D(1, 0, 0, 0, 1, 0, 0, 0, 1, 327.08206, 0.5, -55.92622)
use_collision = true
collision_layer = 3
size = Vector3(139.69312, 1, 69.30435)

[node name="CSGBox3D3" type="CSGBox3D" parent="CrashColliders"]
transform = Transform3D(1, 0, 0, 0, 1, 0, 0, 0, 1, 100.29118, 0.5, -98.89762)
use_collision = true
collision_layer = 3
size = Vector3(83.31464, 1, 41.103195)

[node name="CSGBox3D4" type="CSGBox3D" parent="CrashColliders"]
transform = Transform3D(1, 0, 0, 0, 1, 0, 0, 0, 1, 283.0649, 0.5, -116.02295)
use_collision = true
collision_layer = 3
size = Vector3(225.27196, 1, 19.685873)

[node name="CSGBox3D15" type="CSGBox3D" parent="CrashColliders"]
transform = Transform3D(1, 0, 0, 0, 1, 0, 0, 0, 1, 286.14645, 0.5, 212.34854)
use_collision = true
collision_layer = 3
size = Vector3(215.08203, 1, 68.31112)

[node name="CSGBox3D16" type="CSGBox3D" parent="CrashColliders"]
transform = Transform3D(1, 0, 0, 0, 1, 0, 0, 0, 1, -24.690594, 0.5, 212.34854)
use_collision = true
collision_layer = 3
size = Vector3(298.64545, 1, 68.31112)

[node name="LevelBorderCollider" type="CSGBox3D" parent="CrashColliders"]
transform = Transform3D(1, 0, 0, 0, 1, 0, 0, 0, 1, -272.41718, 0.5, 0)
use_collision = true
collision_layer = 3
size = Vector3(0.1, 100, 2000)

[node name="LevelBorderCollider4" type="CSGBox3D" parent="CrashColliders"]
transform = Transform3D(1, 0, 0, 0, 1, 0, 0, 0, 1, 483.96387, 0.5, 0)
use_collision = true
collision_layer = 3
size = Vector3(0.1, 100, 2000)

[node name="LevelBorderCollider2" type="CSGBox3D" parent="CrashColliders"]
transform = Transform3D(-4.371139e-08, 0, 1, 0, 1, 0, -1, 0, -4.371139e-08, 0, 0.5, 308.07608)
use_collision = true
collision_layer = 3
size = Vector3(0.1, 100, 2000)

[node name="LevelBorderCollider3" type="CSGBox3D" parent="CrashColliders"]
transform = Transform3D(-4.371139e-08, 0, 1, 0, 1, 0, -1, 0, -4.371139e-08, 0, 0.5, -187.84547)
use_collision = true
collision_layer = 3
size = Vector3(0.1, 100, 2000)

[node name="Colliders" type="Node3D" parent="."]
visible = false

[node name="FloorBounds" type="StaticBody3D" parent="Colliders"]
collision_layer = 5

[node name="CollisionShape3D" type="CollisionShape3D" parent="Colliders/FloorBounds"]
shape = SubResource("WorldBoundaryShape3D_114d3")

[node name="CSGBox3D15" type="CSGBox3D" parent="Colliders"]
transform = Transform3D(1, 0, 0, 0, 1, 0, 0, 0, 1, 324.928, 0.045, -8.506)
use_collision = true
collision_layer = 5
size = Vector3(143.837, 0.15, 2.154)

[node name="CSGBox3D16" type="CSGBox3D" parent="Colliders"]
transform = Transform3D(1, 0, 0, 0, 1, 0, 0, 0, 1, 206.563, 0.045, -8.506)
use_collision = true
collision_layer = 5
size = Vector3(76.211, 0.15, 2.154)

[node name="CSGBox3D18" type="CSGBox3D" parent="Colliders"]
transform = Transform3D(-4.371139e-08, 0, 1, 0, 1, 0, -1, 0, -4.371139e-08, 155.782, 0.045, -71.104)
use_collision = true
collision_layer = 5
size = Vector3(99.072, 0.15, 2.154)

[node name="CSGBox3D19" type="CSGBox3D" parent="Colliders"]
transform = Transform3D(-4.371139e-08, 0, 1, 0, 1, 0, -1, 0, -4.371139e-08, 155.782, 0.045, 126.425)
use_collision = true
collision_layer = 5
size = Vector3(244.319, 0.15, 2.154)

[node name="CSGBox3D17" type="CSGBox3D" parent="Colliders"]
transform = Transform3D(1, 0, 0, 0, 1, 0, 0, 0, 1, -15.354, 0.045, -8.506)
use_collision = true
collision_layer = 5
size = Vector3(315.751, 0.15, 2.154)

[node name="bridge2" type="CSGBox3D" parent="Colliders"]
transform = Transform3D(-0.9950555, 0.09931974, -8.742278e-08, 0.09931974, 0.9950555, 0, 8.699051e-08, -8.682807e-09, -1, 320.10132, 7.7677493, -151.53696)
use_collision = true
collision_layer = 5
size = Vector3(159.616, 0.1, 30)

[node name="bridge4" type="CSGBox3D" parent="Colliders"]
transform = Transform3D(0.9950556, -0.09931976, 1.7484555e-07, 0.09931976, 0.9950556, -2.3682798e-16, -1.7398102e-07, 1.7365618e-08, 1, -98.6071, 7.7677493, -151.53696)
use_collision = true
collision_layer = 5
size = Vector3(159.616, 0.1, 30)

[node name="bridge3" type="CSGBox3D" parent="Colliders"]
transform = Transform3D(-0.99999994, 0, 8.742278e-08, 0, 0.99999994, 0, -8.742277e-08, 0, -1, 110.747925, 15.693, -151.537)
use_collision = true
collision_layer = 5
size = Vector3(259.87, 0.1, 30)

[editable path="PlayerController"]
[editable path="PlayerController/BikeMesh/IKCharacterMesh"]
[editable path="PlayerController/BikeMesh/IKCharacterMesh/MixamoRacer"]
