[gd_scene load_steps=11 format=3 uid="uid://j2ul15tv0gig"]

[ext_resource type="PackedScene" uid="uid://cn1f0g4b2vnrf" path="res://assets/level/city.glb" id="1_114d3"]
[ext_resource type="Script" uid="uid://dcgws53fimvpw" path="res://scenes/level/main_level.gd" id="1_sc48v"]
[ext_resource type="PackedScene" uid="uid://bmqevs0vheol7" path="res://scenes/bike/player_controller.tscn" id="2_p3kgh"]
[ext_resource type="PackedScene" uid="uid://bdv4bgnhiss2w" path="res://scenes/level/main_menu.tscn" id="3_hv5hi"]
[ext_resource type="Shader" uid="uid://d3wh0vlxw230r" path="res://assets/materials/sky.gdshader" id="4_o6ikn"]
[ext_resource type="ArrayOccluder3D" uid="uid://dkwpsptgimbyr" path="res://scenes/level/main_level.occ" id="6_atywb"]

[sub_resource type="ShaderMaterial" id="ShaderMaterial_atywb"]
shader = ExtResource("4_o6ikn")
shader_parameter/sky_color = Color(0.2754989, 0.31298247, 0.3754213, 1)
shader_parameter/star_base_color = Color(0.915, 1, 0.7, 1)
shader_parameter/star_hue_offset = 0.2350000111625
shader_parameter/star_intensity = 0.08
shader_parameter/star_twinkle_speed = 0.8
shader_parameter/star_twinkle_intensity = 0.2
shader_parameter/layer_scale = 20.0
shader_parameter/layer_scale_step = 10.0
shader_parameter/layers_count = 3

[sub_resource type="Sky" id="Sky_hv5hi"]
sky_material = SubResource("ShaderMaterial_atywb")

[sub_resource type="Environment" id="Environment_sc48v"]
background_mode = 2
sky = SubResource("Sky_hv5hi")
tonemap_mode = 2

[sub_resource type="WorldBoundaryShape3D" id="WorldBoundaryShape3D_114d3"]

[node name="MainLevel" type="Node3D"]
script = ExtResource("1_sc48v")

[node name="OccluderInstance3D" type="OccluderInstance3D" parent="."]
occluder = ExtResource("6_atywb")

[node name="MainMenu" parent="." instance=ExtResource("3_hv5hi")]
unique_name_in_owner = true

[node name="PlayerController" parent="." instance=ExtResource("2_p3kgh")]
transform = Transform3D(-4.371139e-08, 0, -1, 0, 1, 0, 1, 0, -4.371139e-08, 0, 0, 0)

[node name="Physical Bone mixamorig6_Hips" parent="PlayerController/LeanAndRotationPoint/IKCharacterMesh/MixamoRacer/Skeleton3D/PhysicalBoneSimulator3D" index="0"]
transform = Transform3D(1, 4.7090616e-08, 7.322872e-08, 8.336641e-08, -0.76040137, -0.6494535, 2.5100043e-08, 0.6494535, -0.76040137, 2.6606187e-08, 1.0196265, -0.32059056)
joint_offset = Transform3D(1, 0, 0, 0, 1, 0, 0, 0, 1, -2.67193e-09, -2.1704473e-06, 0.05142209)
body_offset = Transform3D(1, -1.2789769e-13, -3.907985e-14, -3.5527137e-14, 0.09581822, -0.9953989, 1.2079227e-13, 0.9953989, 0.09581822, 2.671932e-09, 0.051185697, -0.0049250126)

[node name="Physical Bone mixamorig6_Spine" parent="PlayerController/LeanAndRotationPoint/IKCharacterMesh/MixamoRacer/Skeleton3D/PhysicalBoneSimulator3D" index="1"]
transform = Transform3D(1, 5.090278e-07, 4.769559e-07, 6.968261e-07, -0.76040214, -0.64945257, 3.2088842e-08, 0.64945257, -0.76040214, 3.0676997e-08, 1.0919847, -0.23587438)
body_offset = Transform3D(1, 4.6193702e-07, 4.0372723e-07, 4.0372757e-07, -7.748604e-07, -1.0000001, -4.6193674e-07, 1.0000001, -7.748603e-07, 1.4901374e-08, 0.05999416, -5.9604645e-08)

[node name="Physical Bone mixamorig6_Spine1" parent="PlayerController/LeanAndRotationPoint/IKCharacterMesh/MixamoRacer/Skeleton3D/PhysicalBoneSimulator3D" index="2"]
transform = Transform3D(1, 2.8550932e-07, 1.7008601e-07, 3.2756463e-07, -0.76040167, -0.64945316, -5.6091245e-08, 0.64945316, -0.76040167, -1.2016257e-07, 1.1754777, -0.12590551)
body_offset = Transform3D(1, 2.3841856e-07, 9.685729e-08, 9.685727e-08, 2.9659786e-15, -1.0000001, -2.3841856e-07, 1.0000001, 1.0334667e-14, -1.2621746e-07, 0.07786, 0.007931352)

[node name="Physical Bone mixamorig6_Head" parent="PlayerController/LeanAndRotationPoint/IKCharacterMesh/MixamoRacer/Skeleton3D/PhysicalBoneSimulator3D" index="3"]
transform = Transform3D(-1, -3.3309277e-08, 3.453073e-07, -1.243138e-07, 0.9636828, -0.26704976, -3.2387146e-07, -0.26704976, -0.9636828, -6.3519536e-08, 1.3732018, 0.20822115)
joint_offset = Transform3D(1, 0, 0, 0, 1, 0, 0, 0, 1, -1.6685133e-09, -0.003911238, 0.1445295)
body_offset = Transform3D(-1, 4.0326654e-08, 2.9885587e-07, -2.6822087e-07, 0.3340242, -0.9425646, -1.3783558e-07, -0.9425646, -0.3340242, -4.4704283e-08, 0.13753486, 0.044589758)

[node name="Physical Bone mixamorig6_LeftShoulder" parent="PlayerController/LeanAndRotationPoint/IKCharacterMesh/MixamoRacer/Skeleton3D/PhysicalBoneSimulator3D" index="4"]
transform = Transform3D(-0.027132567, -0.26322648, -0.9643524, 0.7597595, -0.6323716, 0.15123385, -0.6496379, -0.7285725, 0.2171467, 0.12511575, 1.3000503, 0.0024324502)
joint_offset = Transform3D(1, 0, 0, 0, 1, 0, 0, 0, 1, 1.818515e-05, 1.8075836e-05, 0.06553348)
body_offset = Transform3D(1, 1.611188e-07, -8.754432e-08, -8.009374e-08, -1.1920929e-07, -1, -2.514571e-07, 1, -2.3841858e-07, -1.8179417e-05, 0.06553348, -1.8060207e-05)

[node name="Physical Bone mixamorig6_LeftArm" parent="PlayerController/LeanAndRotationPoint/IKCharacterMesh/MixamoRacer/Skeleton3D/PhysicalBoneSimulator3D" index="5"]
transform = Transform3D(0.17963716, -0.9764607, -0.11939444, -0.09903687, -0.13870332, 0.98536956, -0.978735, -0.16518453, -0.121621884, 0.20446485, 1.1568258, 0.004633864)
joint_offset = Transform3D(1, 0, 0, 0, 1, 0, 0, 0, 1, 9.990431e-06, -2.214611e-06, 0.13529225)
body_offset = Transform3D(1.0004753, -3.749132e-05, -2.8556213e-05, -2.8507784e-05, -6.0796738e-06, -1.0004752, 3.7536025e-05, 1.000475, -6.094575e-06, -6.131828e-06, 0.13535655, 3.0398369e-06)

[node name="Physical Bone mixamorig6_LeftHand" parent="PlayerController/LeanAndRotationPoint/IKCharacterMesh/MixamoRacer/Skeleton3D/PhysicalBoneSimulator3D" index="6"]
transform = Transform3D(0.9295685, 0.2089356, 0.30372384, 0.19080986, -0.9776264, 0.08853467, 0.31542644, -0.024345538, -0.9486377, 0.24565321, 0.77015555, 0.07307444)
joint_offset = Transform3D(1, 0, 0, 0, 1, 0, 0, 0, 1, -2.0987354e-06, -1.6610138e-06, 0.020525469)
body_offset = Transform3D(-0.46665955, 0.6087438, 0.6425321, 3.0696392e-06, 0.7263646, -0.68816525, -0.8851099, -0.32094896, -0.33876836, -0.013188243, 0.014126122, 0.0069509894)

[node name="Physical Bone mixamorig6_RightShoulder" parent="PlayerController/LeanAndRotationPoint/IKCharacterMesh/MixamoRacer/Skeleton3D/PhysicalBoneSimulator3D" index="7"]
transform = Transform3D(-0.025646163, 0.26336703, 0.9643548, -0.7598031, -0.6320382, 0.15240446, 0.6496473, -0.72881114, 0.21631642, -0.12512505, 1.2999028, 0.002536559)
joint_offset = Transform3D(1, 0, 0, 0, 1, 0, 0, 0, 1, -1.6324211e-05, 2.0809419e-05, 0.06554228)
body_offset = Transform3D(1.0000004, -3.3136457e-05, -8.376874e-05, -8.3681196e-05, 8.6426735e-07, -1.0000002, 3.308663e-05, 1.0000004, 8.046627e-07, 2.18153e-05, 0.065542296, -2.0861626e-05)

[node name="Physical Bone mixamorig6_RightArm" parent="PlayerController/LeanAndRotationPoint/IKCharacterMesh/MixamoRacer/Skeleton3D/PhysicalBoneSimulator3D" index="8"]
transform = Transform3D(0.31962946, 0.9410607, -0.1106428, 0.224915, 0.03808057, 0.973634, 0.9204621, -0.33608732, -0.19948697, -0.1733248, 1.1581149, 0.015352787)
joint_offset = Transform3D(1, 0, 0, 0, 1, 0, 0, 0, 1, -2.0428808e-05, -7.781652e-06, 0.13538378)
body_offset = Transform3D(0.9998665, -0.00020009279, -3.1735748e-05, -3.1784177e-05, -1.2084842e-05, -0.9998666, 0.00020003319, 0.9998662, -1.1950731e-05, 2.4721026e-05, 0.13536572, 9.402633e-06)

[node name="Physical Bone mixamorig6_RightHand" parent="PlayerController/LeanAndRotationPoint/IKCharacterMesh/MixamoRacer/Skeleton3D/PhysicalBoneSimulator3D" index="9"]
transform = Transform3D(0.6438453, -0.19591828, -0.73964804, -0.24372238, -0.96882504, 0.044468462, -0.72530174, 0.15163799, -0.67152315, -0.113455184, 0.77680856, 0.110013366)
joint_offset = Transform3D(1, 0, 0, 0, 1, 0, 0, 0, 1, 1.8680003e-05, -3.676396e-07, 0.022144021)
body_offset = Transform3D(-0.48943156, -0.5829726, -0.6485719, -1.758337e-06, 0.7437866, -0.6685555, 0.8720907, -0.32718956, -0.36400938, 0.014370918, 0.0148047805, 0.0080442205)

[node name="Physical Bone mixamorig6_LeftUpLeg" parent="PlayerController/LeanAndRotationPoint/IKCharacterMesh/MixamoRacer/Skeleton3D/PhysicalBoneSimulator3D" index="10"]
transform = Transform3D(-0.9966374, 1.0063878e-05, -0.081938334, -0.041655354, -0.86119837, 0.5065592, -0.07056006, 0.508269, 0.8583029, 0.10823651, 0.8517158, -0.5830326)
joint_offset = Transform3D(1, 0, 0, 0, 1, 0, 0, 0, 1, -1.2197353e-05, -7.525025e-07, 0.2044891)
body_offset = Transform3D(1.0000004, -9.983803e-06, 1.6763806e-05, 1.6741455e-05, 7.097053e-07, -1.0000002, 9.980428e-06, 1.0000002, 7.657031e-07, 8.769333e-06, 0.20448914, 5.9604645e-07)

[node name="Physical Bone mixamorig6_LeftLeg" parent="PlayerController/LeanAndRotationPoint/IKCharacterMesh/MixamoRacer/Skeleton3D/PhysicalBoneSimulator3D" index="11"]
transform = Transform3D(-0.99797344, -0.0008400843, -0.06362646, -0.032357965, -0.85427684, 0.5188102, -0.054790456, 0.5198176, 0.8525185, 0.13740073, 0.6470411, -0.9247117)
joint_offset = Transform3D(1, 0, 0, 0, 1, 0, 0, 0, 1, 2.588897e-06, 2.7605523e-05, 0.19487634)
body_offset = Transform3D(1.0000004, -1.8352759e-05, -4.6417117e-06, -4.6491623e-06, 2.6957096e-06, -1, 1.8345483e-05, 1.0000001, 2.7084752e-06, -1.6838312e-06, 0.19487634, -2.8133392e-05)

[node name="Physical Bone mixamorig6_LeftFoot" parent="PlayerController/LeanAndRotationPoint/IKCharacterMesh/MixamoRacer/Skeleton3D/PhysicalBoneSimulator3D" index="12"]
transform = Transform3D(-0.98507386, 0.03743344, -0.16801283, -0.16956037, -0.042918436, 0.98458487, 0.02964555, 0.9983771, 0.048625052, 0.16614217, 0.45021507, -1.0956699)
joint_offset = Transform3D(1, 0, 0, 0, 1, 0, 0, 0, 1, 1.5879099e-05, 0.00013195313, 0.09721815)
body_offset = Transform3D(1.0000004, 0.0001504533, -0.00019358099, -0.0001937449, 0.0006536911, -0.99999976, -0.00015036389, 0.99999976, 0.0006537107, 2.9206276e-06, 0.09721804, -0.00019550323)

[node name="Physical Bone mixamorig6_RightUpLeg" parent="PlayerController/LeanAndRotationPoint/IKCharacterMesh/MixamoRacer/Skeleton3D/PhysicalBoneSimulator3D" index="13"]
transform = Transform3D(-0.9966361, -1.5220297e-07, 0.08195463, 0.042029824, -0.8584837, 0.5111158, 0.07035664, 0.512841, 0.85559577, -0.10824704, 0.8528291, -0.58383477)
joint_offset = Transform3D(1, 0, 0, 0, 1, 0, 0, 0, 1, -1.8835988e-07, -1.6819155e-07, 0.20442727)
body_offset = Transform3D(1.0000001, -1.3287149e-12, -5.364418e-07, -5.5879354e-07, 2.5709644e-06, -1, 3.7591974e-10, 1, 2.5721588e-06, 2.9802322e-07, 0.20442727, -3.5762787e-07)

[node name="Physical Bone mixamorig6_RightLeg" parent="PlayerController/LeanAndRotationPoint/IKCharacterMesh/MixamoRacer/Skeleton3D/PhysicalBoneSimulator3D" index="14"]
transform = Transform3D(-0.997976, -2.5791076e-05, 0.06359235, 0.03261278, -0.85869104, 0.51145494, 0.054592993, 0.5124936, 0.85695386, -0.13739462, 0.64862764, -0.9258113)
joint_offset = Transform3D(1, 0, 0, 0, 1, 0, 0, 0, 1, 3.2915902e-06, -2.2235183e-06, 0.19497931)
body_offset = Transform3D(1.0000002, -9.127871e-08, 1.7657876e-06, 1.758337e-06, -1.5147293e-07, -1.0000001, 9.113501e-08, 1, -2.1262963e-07, -3.6358833e-06, 0.19497934, 2.2649765e-06)

[node name="Physical Bone mixamorig6_RightFoot" parent="PlayerController/LeanAndRotationPoint/IKCharacterMesh/MixamoRacer/Skeleton3D/PhysicalBoneSimulator3D" index="15"]
transform = Transform3D(-0.9853455, -0.034136165, 0.1671201, 0.16835423, -0.037194, 0.9850246, -0.027409099, 0.99872494, 0.0423959, -0.16612628, 0.45257396, -1.097037)
joint_offset = Transform3D(1, 0, 0, 0, 1, 0, 0, 0, 1, 1.5415857e-05, -6.0983857e-06, 0.09779629)
body_offset = Transform3D(1.0000002, 0.0001212731, -0.00010216236, -0.00010210276, 3.720168e-06, -1, -0.00012122467, 1.0000001, 3.867317e-06, -5.4240227e-06, 0.09779629, 5.722046e-06)

[node name="DirectionalLight3D" type="DirectionalLight3D" parent="."]
transform = Transform3D(-0.8660254, -0.43301278, 0.25, 0, 0.49999997, 0.86602545, -0.50000006, 0.75, -0.43301266, 0, 0, 0)
light_color = Color(0.93662876, 0.78549045, 0.6625095, 1)
shadow_enabled = true

[node name="WorldEnvironment" type="WorldEnvironment" parent="."]
environment = SubResource("Environment_sc48v")

[node name="City Mesh" parent="." instance=ExtResource("1_114d3")]
transform = Transform3D(10, 0, 0, 0, 10, 0, 0, 0, 10, 17.684, -41.359, 31.205)

[node name="Ramp" type="Node3D" parent="."]
transform = Transform3D(1, 0, 0, 0, 1, 0, 0, 0, 1, 124.67141, 0.08500248, -5.494201)

[node name="CSGBox3DRAMP2" type="CSGBox3D" parent="Ramp"]
transform = Transform3D(-4.371139e-08, -0.25881904, 0.9659258, 0, 0.96592593, 0.25881907, -1.0000001, 1.13133405e-08, -4.2221963e-08, 0, 0.94429934, 0)
use_collision = true
size = Vector3(4, 0.1, 8.349)

[node name="CSGBox3DRAMP3" type="CSGBox3D" parent="Ramp"]
transform = Transform3D(-4.1906574e-08, -0.5228259, 0.8524394, -1.2430799e-08, 0.8524395, 0.5228259, -1.0000001, 1.13133405e-08, -4.2221966e-08, 5.1975117, 2.7701871, 0)
use_collision = true
size = Vector3(4, 0.1, 3.282)

[node name="Ramp2" type="Node3D" parent="."]
transform = Transform3D(1, 0, 0, 0, 1, 0, 0, 0, 1, 193.76974, 0.08500248, 269.42715)

[node name="CSGBox3D17" type="CSGBox3D" parent="Ramp2"]
transform = Transform3D(1, 0, 0, 0, 1, 0, 0, 0, 1, -57.032684, 1.3001173, -274.8331)
use_collision = true
collision_layer = 3
size = Vector3(8.967552, 2.7702394, 3.2959795)

[node name="CSGBox3DRAMP2" type="CSGBox3D" parent="Ramp2"]
transform = Transform3D(-4.371139e-08, -0.25881904, 0.9659258, 0, 0.96592593, 0.25881907, -1.0000001, 1.13133405e-08, -4.2221963e-08, 0, 0.94429934, 0)
use_collision = true
size = Vector3(4, 0.1, 8.349)

[node name="CSGBox3DRAMP3" type="CSGBox3D" parent="Ramp2"]
transform = Transform3D(-4.1906574e-08, -0.5228259, 0.8524394, -1.2430799e-08, 0.8524395, 0.5228259, -1.0000001, 1.13133405e-08, -4.2221966e-08, 5.1975117, 2.7701871, 0)
use_collision = true
size = Vector3(4, 0.1, 3.282)

[node name="CrashColliders" type="Node3D" parent="."]
visible = false

[node name="CSGBox3D" type="CSGBox3D" parent="CrashColliders"]
transform = Transform3D(1, 0, 0, 0, 1, 0, 0, 0, 1, 100.377884, 0.5, 24.806492)
use_collision = true
collision_layer = 3
size = Vector3(84.37645, 1, 39.758087)

[node name="CSGBox3D7" type="CSGBox3D" parent="CrashColliders"]
transform = Transform3D(1, 0, 0, 0, 1, 0, 0, 0, 1, 205.81018, 0.5, 23.942654)
use_collision = true
collision_layer = 3
size = Vector3(71.6136, 1, 38.03041)

[node name="CSGBox3D8" type="CSGBox3D" parent="CrashColliders"]
transform = Transform3D(1, 0, 0, 0, 1, 0, 0, 0, 1, 292.03314, 0.5, 23.094858)
use_collision = true
collision_layer = 3
size = Vector3(73.23018, 1, 35.728794)

[node name="CSGBox3D2" type="CSGBox3D" parent="CrashColliders"]
transform = Transform3D(1, 0, 0, 0, 1, 0, 0, 0, 1, 100.77937, 0.5, -43.01004)
use_collision = true
collision_layer = 3
size = Vector3(83.57348, 1, 40.288177)

[node name="CSGBox3D5" type="CSGBox3D" parent="CrashColliders"]
transform = Transform3D(1, 0, 0, 0, 1, 0, 0, 0, 1, 188.51074, 0.5, -55.853786)
use_collision = true
collision_layer = 3
size = Vector3(41.301468, 1, 69.6393)

[node name="CSGBox3D17" type="CSGBox3D" parent="CrashColliders"]
transform = Transform3D(1, 0, 0, 0, 1, 0, 0, 0, 1, 223.4282, 0.5, -72.79267)
use_collision = true
collision_layer = 3
size = Vector3(37.084587, 1, 31.893816)

[node name="CSGBox3D18" type="CSGBox3D" parent="CrashColliders"]
transform = Transform3D(1, 0, 0, 0, 1, 0, 0, 0, 1, 237.63278, 0.5, -36.499565)
use_collision = true
collision_layer = 3
size = Vector3(8.785659, 1, 31.013065)

[node name="gaspump1" type="CSGBox3D" parent="CrashColliders"]
transform = Transform3D(1, 0, 0, 0, 1, 0, 0, 0, 1, 222.65573, 0.5, -32.76452)
use_collision = true
collision_layer = 3
size = Vector3(4.150879, 1, 1)

[node name="gaspump2" type="CSGBox3D" parent="CrashColliders"]
transform = Transform3D(1, 0, 0, 0, 1, 0, 0, 0, 1, 222.65573, 0.5, -37.33491)
use_collision = true
collision_layer = 3
size = Vector3(4.150879, 1, 1)

[node name="gaspump3" type="CSGBox3D" parent="CrashColliders"]
transform = Transform3D(1, 0, 0, 0, 1, 0, 0, 0, 1, 222.65573, 0.5, -44.354774)
use_collision = true
collision_layer = 3
size = Vector3(4.150879, 1, 1)

[node name="gaspump4" type="CSGBox3D" parent="CrashColliders"]
transform = Transform3D(1, 0, 0, 0, 1, 0, 0, 0, 1, 222.65573, 0.5, -48.925167)
use_collision = true
collision_layer = 3
size = Vector3(4.150879, 1, 1)

[node name="gaspump5" type="CSGBox3D" parent="CrashColliders"]
transform = Transform3D(1, 0, 0, 0, 1, 0, 0, 0, 1, 215.23694, 0.5, -32.76452)
use_collision = true
collision_layer = 3
size = Vector3(4.150879, 1, 1)

[node name="gaspump6" type="CSGBox3D" parent="CrashColliders"]
transform = Transform3D(1, 0, 0, 0, 1, 0, 0, 0, 1, 215.23694, 0.5, -37.33491)
use_collision = true
collision_layer = 3
size = Vector3(4.150879, 1, 1)

[node name="gaspump7" type="CSGBox3D" parent="CrashColliders"]
transform = Transform3D(1, 0, 0, 0, 1, 0, 0, 0, 1, 215.23694, 0.5, -44.354774)
use_collision = true
collision_layer = 3
size = Vector3(4.150879, 1, 1)

[node name="gaspump8" type="CSGBox3D" parent="CrashColliders"]
transform = Transform3D(1, 0, 0, 0, 1, 0, 0, 0, 1, 215.23694, 0.5, -48.925167)
use_collision = true
collision_layer = 3
size = Vector3(4.150879, 1, 1)

[node name="CSGBox3D9" type="CSGBox3D" parent="CrashColliders"]
transform = Transform3D(1, 0, 0, 0, 1, 0, 0, 0, 1, 206.41069, 0.5, 87.29924)
use_collision = true
collision_layer = 3
size = Vector3(67.788734, 1, 58.357517)

[node name="CSGBox3D10" type="CSGBox3D" parent="CrashColliders"]
transform = Transform3D(1, 0, 0, 0, 1, 0, 0, 0, 1, 270.13724, 0.5, 86.650696)
use_collision = true
collision_layer = 3
size = Vector3(21.248087, 1, 57.92263)

[node name="CSGBox3D11" type="CSGBox3D" parent="CrashColliders"]
transform = Transform3D(1, 0, 0, 0, 1, 0, 0, 0, 1, 281.98154, 0.5, 148.53624)
use_collision = true
collision_layer = 3
size = Vector3(223.76868, 1, 34.95807)

[node name="CSGBox3D13" type="CSGBox3D" parent="CrashColliders"]
transform = Transform3D(1, 0, 0, 0, 1, 0, 0, 0, 1, -16.639923, 0.5, 148.53624)
use_collision = true
collision_layer = 3
size = Vector3(315.3703, 1, 34.95807)

[node name="CSGBox3D14" type="CSGBox3D" parent="CrashColliders"]
transform = Transform3D(1, 0, 0, 0, 1, 0, 0, 0, 1, -237.15387, 0.5, 148.53624)
use_collision = true
collision_layer = 3
size = Vector3(70.33847, 1, 34.95807)

[node name="CSGBox3D12" type="CSGBox3D" parent="CrashColliders"]
transform = Transform3D(1, 0, 0, 0, 1, 0, 0, 0, 1, 453.48645, 0.5, 148.53624)
use_collision = true
collision_layer = 3
size = Vector3(67.18106, 1, 34.95807)

[node name="CSGBox3D6" type="CSGBox3D" parent="CrashColliders"]
transform = Transform3D(1, 0, 0, 0, 1, 0, 0, 0, 1, 327.08206, 0.5, -55.92622)
use_collision = true
collision_layer = 3
size = Vector3(139.69312, 1, 69.30435)

[node name="CSGBox3D3" type="CSGBox3D" parent="CrashColliders"]
transform = Transform3D(1, 0, 0, 0, 1, 0, 0, 0, 1, 100.29118, 0.5, -98.89762)
use_collision = true
collision_layer = 3
size = Vector3(83.31464, 1, 41.103195)

[node name="CSGBox3D4" type="CSGBox3D" parent="CrashColliders"]
transform = Transform3D(1, 0, 0, 0, 1, 0, 0, 0, 1, 283.0649, 0.5, -116.02295)
use_collision = true
collision_layer = 3
size = Vector3(225.27196, 1, 19.685873)

[node name="CSGBox3D15" type="CSGBox3D" parent="CrashColliders"]
transform = Transform3D(1, 0, 0, 0, 1, 0, 0, 0, 1, 286.14645, 0.5, 212.34854)
use_collision = true
collision_layer = 3
size = Vector3(215.08203, 1, 68.31112)

[node name="CSGBox3D16" type="CSGBox3D" parent="CrashColliders"]
transform = Transform3D(1, 0, 0, 0, 1, 0, 0, 0, 1, -24.690594, 0.5, 212.34854)
use_collision = true
collision_layer = 3
size = Vector3(298.64545, 1, 68.31112)

[node name="LevelBorderCollider" type="CSGBox3D" parent="CrashColliders"]
transform = Transform3D(1, 0, 0, 0, 1, 0, 0, 0, 1, -272.41718, 0.5, 0)
use_collision = true
collision_layer = 3
size = Vector3(0.1, 100, 2000)

[node name="LevelBorderCollider4" type="CSGBox3D" parent="CrashColliders"]
transform = Transform3D(1, 0, 0, 0, 1, 0, 0, 0, 1, 483.96387, 0.5, 0)
use_collision = true
collision_layer = 3
size = Vector3(0.1, 100, 2000)

[node name="LevelBorderCollider2" type="CSGBox3D" parent="CrashColliders"]
transform = Transform3D(-4.371139e-08, 0, 1, 0, 1, 0, -1, 0, -4.371139e-08, 0, 0.5, 308.07608)
use_collision = true
collision_layer = 3
size = Vector3(0.1, 100, 2000)

[node name="LevelBorderCollider3" type="CSGBox3D" parent="CrashColliders"]
transform = Transform3D(-4.371139e-08, 0, 1, 0, 1, 0, -1, 0, -4.371139e-08, 0, 0.5, -187.84547)
use_collision = true
collision_layer = 3
size = Vector3(0.1, 100, 2000)

[node name="Colliders" type="Node3D" parent="."]
visible = false

[node name="FloorBounds" type="StaticBody3D" parent="Colliders"]
collision_layer = 5

[node name="CollisionShape3D" type="CollisionShape3D" parent="Colliders/FloorBounds"]
shape = SubResource("WorldBoundaryShape3D_114d3")

[node name="CSGBox3D15" type="CSGBox3D" parent="Colliders"]
transform = Transform3D(1, 0, 0, 0, 1, 0, 0, 0, 1, 324.928, 0.06, -8.506)
use_collision = true
collision_layer = 5
size = Vector3(143.837, 0.11, 2.154)

[node name="CSGBox3D16" type="CSGBox3D" parent="Colliders"]
transform = Transform3D(1, 0, 0, 0, 1, 0, 0, 0, 1, 206.563, 0.06, -8.506)
use_collision = true
collision_layer = 5
size = Vector3(76.211, 0.11, 2.154)

[node name="CSGBox3D18" type="CSGBox3D" parent="Colliders"]
transform = Transform3D(-4.371139e-08, 0, 1, 0, 1, 0, -1, 0, -4.371139e-08, 155.782, 0.06, -71.104)
use_collision = true
collision_layer = 5
size = Vector3(99.072, 0.11, 2.154)

[node name="CSGBox3D19" type="CSGBox3D" parent="Colliders"]
transform = Transform3D(-4.371139e-08, 0, 1, 0, 1, 0, -1, 0, -4.371139e-08, 155.782, 0.06, 126.425)
use_collision = true
collision_layer = 5
size = Vector3(244.319, 0.11, 2.154)

[node name="CSGBox3D17" type="CSGBox3D" parent="Colliders"]
transform = Transform3D(1, 0, 0, 0, 1, 0, 0, 0, 1, -15.354, 0.06, -8.506)
use_collision = true
collision_layer = 5
size = Vector3(315.751, 0.11, 2.154)

[node name="bridge2" type="CSGBox3D" parent="Colliders"]
transform = Transform3D(-0.9950555, 0.09931974, -8.742278e-08, 0.09931974, 0.9950555, 0, 8.699051e-08, -8.682807e-09, -1, 320.10132, 7.7677493, -151.53696)
use_collision = true
collision_layer = 5
size = Vector3(159.616, 0.1, 30)

[node name="bridge4" type="CSGBox3D" parent="Colliders"]
transform = Transform3D(0.9950556, -0.09931976, 1.7484555e-07, 0.09931976, 0.9950556, -2.3682798e-16, -1.7398102e-07, 1.7365618e-08, 1, -98.6071, 7.7677493, -151.53696)
use_collision = true
collision_layer = 5
size = Vector3(159.616, 0.1, 30)

[node name="bridge3" type="CSGBox3D" parent="Colliders"]
transform = Transform3D(-0.99999994, 0, 8.742278e-08, 0, 0.99999994, 0, -8.742277e-08, 0, -1, 110.747925, 15.693, -151.537)
use_collision = true
collision_layer = 5
size = Vector3(259.87, 0.1, 30)

[editable path="PlayerController"]
[editable path="PlayerController/LeanAndRotationPoint/IKCharacterMesh"]
[editable path="PlayerController/LeanAndRotationPoint/IKCharacterMesh/MixamoRacer"]
