[gd_scene load_steps=13 format=3 uid="uid://j2ul15tv0gig"]

[ext_resource type="PackedScene" uid="uid://cn1f0g4b2vnrf" path="res://assets/level/city.glb" id="1_114d3"]
[ext_resource type="Script" uid="uid://dcgws53fimvpw" path="res://scenes/level/main_level.gd" id="1_sc48v"]
[ext_resource type="PackedScene" uid="uid://bmqevs0vheol7" path="res://scenes/bike/player_controller.tscn" id="2_p3kgh"]
[ext_resource type="PackedScene" uid="uid://bdv4bgnhiss2w" path="res://scenes/level/main_menu.tscn" id="3_hv5hi"]
[ext_resource type="Shader" uid="uid://d3wh0vlxw230r" path="res://assets/materials/sky.gdshader" id="4_o6ikn"]
[ext_resource type="Script" uid="uid://biy8pd4m0fncl" path="res://scenes/bike/components/bike_state.gd" id="5_ms8vg"]
[ext_resource type="ArrayOccluder3D" uid="uid://dkwpsptgimbyr" path="res://scenes/level/main_level.occ" id="6_atywb"]

[sub_resource type="Resource" id="Resource_6i4h1"]
script = ExtResource("5_ms8vg")

[sub_resource type="ShaderMaterial" id="ShaderMaterial_atywb"]
shader = ExtResource("4_o6ikn")
shader_parameter/sky_color = Color(0.2754989, 0.31298247, 0.3754213, 1)
shader_parameter/star_base_color = Color(0.915, 1, 0.7, 1)
shader_parameter/star_hue_offset = 0.2350000111625
shader_parameter/star_intensity = 0.08
shader_parameter/star_twinkle_speed = 0.8
shader_parameter/star_twinkle_intensity = 0.2
shader_parameter/layer_scale = 20.0
shader_parameter/layer_scale_step = 10.0
shader_parameter/layers_count = 3

[sub_resource type="Sky" id="Sky_hv5hi"]
sky_material = SubResource("ShaderMaterial_atywb")

[sub_resource type="Environment" id="Environment_sc48v"]
background_mode = 2
sky = SubResource("Sky_hv5hi")
tonemap_mode = 2

[sub_resource type="WorldBoundaryShape3D" id="WorldBoundaryShape3D_114d3"]

[node name="MainLevel" type="Node3D"]
script = ExtResource("1_sc48v")

[node name="OccluderInstance3D" type="OccluderInstance3D" parent="."]
occluder = ExtResource("6_atywb")

[node name="MainMenu" parent="." instance=ExtResource("3_hv5hi")]
unique_name_in_owner = true

[node name="PlayerController" parent="." instance=ExtResource("2_p3kgh")]
transform = Transform3D(-4.371139e-08, 0, -1, 0, 1, 0, 1, 0, -4.371139e-08, 0, 0, 0)
state = SubResource("Resource_6i4h1")

[node name="Skeleton3D" parent="PlayerController/LeanAndRotationPoint/IKCharacterMesh/MixamoRacer" index="0"]
bones/0/rotation = Quaternion(0.21337418, -0.0326009, 0.016970221, 0.9762789)

[node name="Physical Bone mixamorig6_Hips" parent="PlayerController/LeanAndRotationPoint/IKCharacterMesh/MixamoRacer/Skeleton3D/PhysicalBoneSimulator3D" index="0"]
transform = Transform3D(0.9972984, -0.060661674, 0.04142584, 0.019223029, -0.3287706, -0.9442141, 0.07089721, 0.9424596, -0.32671627, -0.0021314311, 1.0567938, -0.32459912)
joint_offset = Transform3D(1, 0, 0, 0, 1, 0, 0, 0, 1, 9.880285e-07, -2.035033e-05, 0.05140061)
body_offset = Transform3D(1.0000001, -1.1175871e-08, 7.4505806e-08, 7.4505806e-08, 0.09581953, -0.9953988, -3.7252903e-09, 0.99539876, 0.095819525, -9.918585e-07, 0.051166058, -0.004904926)

[node name="Physical Bone mixamorig6_Spine" parent="PlayerController/LeanAndRotationPoint/IKCharacterMesh/MixamoRacer/Skeleton3D/PhysicalBoneSimulator3D" index="1"]
transform = Transform3D(0.99729794, -0.060674272, 0.04141807, 0.019211423, -0.32877204, -0.9442139, 0.07090659, 0.94245833, -0.32671806, -0.0067483205, 1.1619989, -0.28820685)
joint_offset = Transform3D(1, 0, 0, 0, 1, 0, 0, 0, 1, 3.4149382e-06, -1.0040714e-05, 0.05997836)
body_offset = Transform3D(1, -1.270324e-05, -7.793307e-06, -7.800758e-06, 4.8731454e-07, -1.0000001, 1.2692064e-05, 1.0000001, 4.5169145e-07, -2.947636e-06, 0.059978366, 1.001358e-05)

[node name="Physical Bone mixamorig6_Spine1" parent="PlayerController/LeanAndRotationPoint/IKCharacterMesh/MixamoRacer/Skeleton3D/PhysicalBoneSimulator3D" index="2"]
transform = Transform3D(0.99729794, -0.060674272, 0.04141807, 0.019211423, -0.32877204, -0.9442139, 0.07090659, 0.94245833, -0.32671806, -0.012936854, 1.2877275, -0.23543122)
joint_offset = Transform3D(1, 0, 0, 0, 1, 0, 0, 0, 1, 1.6727368e-05, -0.008788262, 0.07621263)
body_offset = Transform3D(1, -1.270324e-05, -7.793307e-06, -7.800758e-06, 4.8731454e-07, -1.0000001, 1.2692064e-05, 1.0000001, 4.5169145e-07, -1.624506e-05, 0.076212645, 0.008788228)

[node name="Physical Bone mixamorig6_Head" parent="PlayerController/LeanAndRotationPoint/IKCharacterMesh/MixamoRacer/Skeleton3D/PhysicalBoneSimulator3D" index="3"]
transform = Transform3D(-0.9972984, 0.03745798, 0.06318919, -0.019223187, 0.69715565, -0.71666205, -0.070897415, -0.7159406, -0.6945522, -0.032792237, 1.6285666, -0.04783972)
joint_offset = Transform3D(1, 0, 0, 0, 1, 0, 0, 0, 1, 3.3699715e-05, -0.0036932789, 0.14441778)
body_offset = Transform3D(-1, 1.1175871e-08, 3.2782555e-07, -3.054738e-07, 0.33402395, -0.9425648, -1.1920929e-07, -0.9425647, -0.33402395, 3.365241e-05, 0.13735676, 0.044757843)

[node name="Physical Bone mixamorig6_LeftShoulder" parent="PlayerController/LeanAndRotationPoint/IKCharacterMesh/MixamoRacer/Skeleton3D/PhysicalBoneSimulator3D" index="4"]
transform = Transform3D(0.033598065, -0.22301729, -0.97423536, 0.32758433, -0.918479, 0.22155108, -0.9442245, -0.3265879, 0.042197846, 0.10537415, 1.4626442, -0.17857192)
joint_offset = Transform3D(1, 0, 0, 0, 1, 0, 0, 0, 1, 0.0011592595, -0.0011832408, 0.06609155)
body_offset = Transform3D(1.0000002, -2.0559877e-05, -5.029142e-07, -5.1409006e-07, 1.1026859e-06, -1, 2.0496547e-05, 1.0000001, 9.834766e-07, -0.0011592507, 0.06609155, 0.0011831522)

[node name="Physical Bone mixamorig6_LeftArm" parent="PlayerController/LeanAndRotationPoint/IKCharacterMesh/MixamoRacer/Skeleton3D/PhysicalBoneSimulator3D" index="5"]
transform = Transform3D(-0.0071114986, -0.002977725, -0.9999703, 0.3362194, -0.9417836, 0.00041336098, -0.94175684, -0.33620647, 0.0076986626, 0.30583754, 1.4491081, -0.18334775)
joint_offset = Transform3D(1, 0, 0, 0, 1, 0, 0, 0, 1, -7.008745e-05, -0.0006024087, 0.13685739)
body_offset = Transform3D(1.0004753, -0.00036272913, -3.9734878e-05, -3.9908104e-05, -0.00048947264, -1.000475, 0.00036274522, 1.000475, -0.0004895418, 7.534027e-05, 0.13692212, 0.0006697178)

[node name="Physical Bone mixamorig6_LeftHand" parent="PlayerController/LeanAndRotationPoint/IKCharacterMesh/MixamoRacer/Skeleton3D/PhysicalBoneSimulator3D" index="6"]
transform = Transform3D(0.0012209505, 0.77822226, -0.6279878, 0.61837333, 0.49293846, 0.61206716, 0.7858836, -0.3890782, -0.48062995, 0.7057791, 1.4392277, -0.14250426)
joint_offset = Transform3D(1, 0, 0, 0, 1, 0, 0, 0, 1, 0.0006067408, 0.0004698024, 0.02076297)
body_offset = Transform3D(-0.46665946, 0.60874224, 0.64253354, 2.9596267e-06, 0.72636586, -0.68816364, -0.88510996, -0.3209481, -0.33876884, -0.013343751, 0.01394707, 0.0077216625)

[node name="Physical Bone mixamorig6_RightShoulder" parent="PlayerController/LeanAndRotationPoint/IKCharacterMesh/MixamoRacer/Skeleton3D/PhysicalBoneSimulator3D" index="7"]
transform = Transform3D(-0.08617854, 0.30216387, 0.94935256, -0.32845384, -0.90824056, 0.2592628, 0.94058037, -0.2894756, 0.17751771, -0.14383285, 1.4573514, -0.19677478)
joint_offset = Transform3D(1, 0, 0, 0, 1, 0, 0, 0, 1, -0.0006496649, -0.0019755878, 0.06548182)
body_offset = Transform3D(1.0000002, 0.00014846772, -0.00020708889, -0.00020701438, -2.503395e-06, -1, -0.00014846958, 1.0000001, -2.503395e-06, 0.0006635189, 0.06548168, 0.0019756556)

[node name="Physical Bone mixamorig6_RightArm" parent="PlayerController/LeanAndRotationPoint/IKCharacterMesh/MixamoRacer/Skeleton3D/PhysicalBoneSimulator3D" index="8"]
transform = Transform3D(-0.12602264, 0.086317204, 0.988265, -0.33940348, -0.9398401, 0.038807247, 0.9321608, -0.33053, 0.14773747, -0.3404471, 1.4370819, -0.22847216)
joint_offset = Transform3D(1, 0, 0, 0, 1, 0, 0, 0, 1, -2.1845863e-05, -2.2343876e-05, 0.13539013)
body_offset = Transform3D(0.99986655, -0.00019144174, -3.5487115e-05, -3.5442412e-05, -1.19283795e-05, -0.99986655, 0.00019138027, 0.99986637, -1.193583e-05, 2.6643276e-05, 0.13537207, 2.3961067e-05)

[node name="Physical Bone mixamorig6_RightHand" parent="PlayerController/LeanAndRotationPoint/IKCharacterMesh/MixamoRacer/Skeleton3D/PhysicalBoneSimulator3D" index="9"]
transform = Transform3D(0.13789032, -0.7551668, 0.64086604, -0.59585935, 0.4536069, 0.6627159, -0.79116243, -0.47324812, -0.3874252, -0.74389976, 1.4102172, -0.24465594)
joint_offset = Transform3D(1, 0, 0, 0, 1, 0, 0, 0, 1, -0.00013153953, 0.000103713246, 0.022229265)
body_offset = Transform3D(-0.48943236, -0.58297163, -0.64857185, -2.4735928e-06, 0.74378747, -0.6685546, 0.8720904, -0.32718903, -0.36401087, 0.014413357, 0.014784336, 0.008240342)

[node name="Physical Bone mixamorig6_LeftUpLeg" parent="PlayerController/LeanAndRotationPoint/IKCharacterMesh/MixamoRacer/Skeleton3D/PhysicalBoneSimulator3D" index="10"]
transform = Transform3D(-0.9897429, -0.05258136, -0.13283214, -0.09071173, -0.48700023, 0.86867845, -0.11036557, 0.87181765, 0.4772353, 0.12118456, 0.7815583, -0.45807588)
joint_offset = Transform3D(1, 0, 0, 0, 1, 0, 0, 0, 1, -2.189871e-05, 3.1851262e-06, 0.20449796)
body_offset = Transform3D(1.0000004, -8.817762e-06, 1.8551946e-05, 1.8551946e-05, -3.372319e-06, -1.0000001, 8.825213e-06, 1.0000001, -3.3327378e-06, 1.810491e-05, 0.204498, -2.503395e-06)

[node name="Physical Bone mixamorig6_LeftLeg" parent="PlayerController/LeanAndRotationPoint/IKCharacterMesh/MixamoRacer/Skeleton3D/PhysicalBoneSimulator3D" index="11"]
transform = Transform3D(-0.9920147, -0.0541139, -0.11392371, -0.074756116, -0.47522086, 0.8766851, -0.10157976, 0.87820095, 0.4673807, 0.17056714, 0.43305248, -0.6467893)
joint_offset = Transform3D(1, 0, 0, 0, 1, 0, 0, 0, 1, -2.033721e-06, 2.8011942e-05, 0.19491133)
body_offset = Transform3D(1.0000002, -1.7493963e-05, -3.553927e-06, -3.553927e-06, 4.2971224e-06, -1.0000001, 1.7501414e-05, 1, 4.2929314e-06, 2.7269125e-06, 0.19491136, -2.8848648e-05)

[node name="Physical Bone mixamorig6_LeftFoot" parent="PlayerController/LeanAndRotationPoint/IKCharacterMesh/MixamoRacer/Skeleton3D/PhysicalBoneSimulator3D" index="12"]
transform = Transform3D(-0.9877757, -0.034205627, -0.15208298, -0.15033852, 0.46691337, 0.87143, 0.041201763, 0.88364124, -0.4663481, 0.20738646, 0.17725582, -0.6926738)
joint_offset = Transform3D(1, 0, 0, 0, 1, 0, 0, 0, 1, -0.00019267111, 0.00029438164, 0.09733967)
body_offset = Transform3D(1.0000004, 0.00015097111, -0.00020590425, -0.00020614266, 0.001111215, -0.99999946, -0.00015078485, 0.9999995, 0.001111153, 0.00021266937, 0.09733924, -0.00040256977)

[node name="Physical Bone mixamorig6_RightUpLeg" parent="PlayerController/LeanAndRotationPoint/IKCharacterMesh/MixamoRacer/Skeleton3D/PhysicalBoneSimulator3D" index="13"]
transform = Transform3D(-0.9981234, -0.052866466, 0.030900288, 0.052618448, -0.4823626, 0.8743899, -0.031320762, 0.87437487, 0.4842392, -0.094616696, 0.77754104, -0.47475934)
joint_offset = Transform3D(1, 0, 0, 0, 1, 0, 0, 0, 1, 3.0570573e-05, -0.0001238165, 0.20483765)
body_offset = Transform3D(1.0000002, 4.3548644e-06, -2.220273e-06, -2.220273e-06, 1.2618373e-05, -1.0000001, -4.351139e-06, 1, 1.2599165e-05, -3.0115247e-05, 0.20483768, 0.00012123585)

[node name="Physical Bone mixamorig6_RightLeg" parent="PlayerController/LeanAndRotationPoint/IKCharacterMesh/MixamoRacer/Skeleton3D/PhysicalBoneSimulator3D" index="14"]
transform = Transform3D(-0.9985228, -0.05287799, 0.012495253, 0.036512032, -0.48270527, 0.87502146, -0.04023785, 0.8741851, 0.4839229, -0.10337245, 0.42815134, -0.66823757)
joint_offset = Transform3D(1, 0, 0, 0, 1, 0, 0, 0, 1, 1.494786e-05, -1.8228182e-05, 0.19550008)
body_offset = Transform3D(1.0000004, 1.1220574e-05, 3.4207478e-06, 3.4207478e-06, -3.6662095e-06, -1.0000002, -1.12093985e-05, 1, -3.713183e-06, -1.5616417e-05, 0.19550012, 1.8954277e-05)

[node name="Physical Bone mixamorig6_RightFoot" parent="PlayerController/LeanAndRotationPoint/IKCharacterMesh/MixamoRacer/Skeleton3D/PhysicalBoneSimulator3D" index="15"]
transform = Transform3D(-0.9775037, -0.10557201, 0.18259548, 0.112558335, 0.47103098, 0.87490594, -0.1783737, 0.87577647, -0.44855148, -0.12361463, 0.17233089, -0.7185332)
joint_offset = Transform3D(1, 0, 0, 0, 1, 0, 0, 0, 1, 6.3913154e-05, 9.891905e-05, 0.09786729)
body_offset = Transform3D(1.0000004, 0.00012297928, -0.00010231137, -0.000102221966, 2.9390678e-05, -1.0000001, -0.00012290478, 1.0000001, 2.9565766e-05, -5.39124e-05, 0.09786731, -0.00010180473)

[node name="RightArmTarget" parent="PlayerController/LeanAndRotationPoint/IKCharacterMesh/Targets" index="2"]
transform = Transform3D(0.8961885, -0.37939793, 0.2300072, 0.21667147, -0.07813534, -0.97311294, 0.38716844, 0.92192894, 0.012180703, -0.335, 1.255, 0.178)

[node name="ButtTarget" parent="PlayerController/LeanAndRotationPoint/IKCharacterMesh/Targets" index="3"]
transform = Transform3D(0.9972987, -0.047047704, -0.056413103, 0.01922297, 0.9083666, -0.4177318, 0.070897184, 0.41551885, 0.9068169, 1.0203441e-07, 1.0082674, -0.34141165)

[node name="DirectionalLight3D" type="DirectionalLight3D" parent="."]
transform = Transform3D(-0.8660254, -0.43301278, 0.25, 0, 0.49999997, 0.86602545, -0.50000006, 0.75, -0.43301266, 0, 0, 0)
light_color = Color(0.93662876, 0.78549045, 0.6625095, 1)
shadow_enabled = true

[node name="WorldEnvironment" type="WorldEnvironment" parent="."]
environment = SubResource("Environment_sc48v")

[node name="City Mesh" parent="." instance=ExtResource("1_114d3")]
transform = Transform3D(10, 0, 0, 0, 10, 0, 0, 0, 10, 17.684, -41.359, 31.205)

[node name="Ramp" type="Node3D" parent="."]
transform = Transform3D(1, 0, 0, 0, 1, 0, 0, 0, 1, 124.67141, 0.08500248, -5.494201)

[node name="CSGBox3DRAMP2" type="CSGBox3D" parent="Ramp"]
transform = Transform3D(-4.371139e-08, -0.25881904, 0.9659258, 0, 0.96592593, 0.25881907, -1.0000001, 1.13133405e-08, -4.2221963e-08, 0, 0.94429934, 0)
use_collision = true
size = Vector3(4, 0.1, 8.349)

[node name="CSGBox3DRAMP3" type="CSGBox3D" parent="Ramp"]
transform = Transform3D(-4.1906574e-08, -0.5228259, 0.8524394, -1.2430799e-08, 0.8524395, 0.5228259, -1.0000001, 1.13133405e-08, -4.2221966e-08, 5.1975117, 2.7701871, 0)
use_collision = true
size = Vector3(4, 0.1, 3.282)

[node name="Ramp2" type="Node3D" parent="."]
transform = Transform3D(1, 0, 0, 0, 1, 0, 0, 0, 1, 193.76974, 0.08500248, 269.42715)

[node name="CSGBox3D17" type="CSGBox3D" parent="Ramp2"]
transform = Transform3D(1, 0, 0, 0, 1, 0, 0, 0, 1, -57.032684, 1.3001173, -274.8331)
use_collision = true
collision_layer = 3
size = Vector3(8.967552, 2.7702394, 3.2959795)

[node name="CSGBox3DRAMP2" type="CSGBox3D" parent="Ramp2"]
transform = Transform3D(-4.371139e-08, -0.25881904, 0.9659258, 0, 0.96592593, 0.25881907, -1.0000001, 1.13133405e-08, -4.2221963e-08, 0, 0.94429934, 0)
use_collision = true
size = Vector3(4, 0.1, 8.349)

[node name="CSGBox3DRAMP3" type="CSGBox3D" parent="Ramp2"]
transform = Transform3D(-4.1906574e-08, -0.5228259, 0.8524394, -1.2430799e-08, 0.8524395, 0.5228259, -1.0000001, 1.13133405e-08, -4.2221966e-08, 5.1975117, 2.7701871, 0)
use_collision = true
size = Vector3(4, 0.1, 3.282)

[node name="CrashColliders" type="Node3D" parent="."]
visible = false

[node name="CSGBox3D" type="CSGBox3D" parent="CrashColliders"]
transform = Transform3D(1, 0, 0, 0, 1, 0, 0, 0, 1, 100.377884, 0.5, 24.806492)
use_collision = true
collision_layer = 3
size = Vector3(84.37645, 1, 39.758087)

[node name="CSGBox3D7" type="CSGBox3D" parent="CrashColliders"]
transform = Transform3D(1, 0, 0, 0, 1, 0, 0, 0, 1, 205.81018, 0.5, 23.942654)
use_collision = true
collision_layer = 3
size = Vector3(71.6136, 1, 38.03041)

[node name="CSGBox3D8" type="CSGBox3D" parent="CrashColliders"]
transform = Transform3D(1, 0, 0, 0, 1, 0, 0, 0, 1, 292.03314, 0.5, 23.094858)
use_collision = true
collision_layer = 3
size = Vector3(73.23018, 1, 35.728794)

[node name="CSGBox3D2" type="CSGBox3D" parent="CrashColliders"]
transform = Transform3D(1, 0, 0, 0, 1, 0, 0, 0, 1, 100.77937, 0.5, -43.01004)
use_collision = true
collision_layer = 3
size = Vector3(83.57348, 1, 40.288177)

[node name="CSGBox3D5" type="CSGBox3D" parent="CrashColliders"]
transform = Transform3D(1, 0, 0, 0, 1, 0, 0, 0, 1, 188.51074, 0.5, -55.853786)
use_collision = true
collision_layer = 3
size = Vector3(41.301468, 1, 69.6393)

[node name="CSGBox3D17" type="CSGBox3D" parent="CrashColliders"]
transform = Transform3D(1, 0, 0, 0, 1, 0, 0, 0, 1, 223.4282, 0.5, -72.79267)
use_collision = true
collision_layer = 3
size = Vector3(37.084587, 1, 31.893816)

[node name="CSGBox3D18" type="CSGBox3D" parent="CrashColliders"]
transform = Transform3D(1, 0, 0, 0, 1, 0, 0, 0, 1, 237.63278, 0.5, -36.499565)
use_collision = true
collision_layer = 3
size = Vector3(8.785659, 1, 31.013065)

[node name="gaspump1" type="CSGBox3D" parent="CrashColliders"]
transform = Transform3D(1, 0, 0, 0, 1, 0, 0, 0, 1, 222.65573, 0.5, -32.76452)
use_collision = true
collision_layer = 3
size = Vector3(4.150879, 1, 1)

[node name="gaspump2" type="CSGBox3D" parent="CrashColliders"]
transform = Transform3D(1, 0, 0, 0, 1, 0, 0, 0, 1, 222.65573, 0.5, -37.33491)
use_collision = true
collision_layer = 3
size = Vector3(4.150879, 1, 1)

[node name="gaspump3" type="CSGBox3D" parent="CrashColliders"]
transform = Transform3D(1, 0, 0, 0, 1, 0, 0, 0, 1, 222.65573, 0.5, -44.354774)
use_collision = true
collision_layer = 3
size = Vector3(4.150879, 1, 1)

[node name="gaspump4" type="CSGBox3D" parent="CrashColliders"]
transform = Transform3D(1, 0, 0, 0, 1, 0, 0, 0, 1, 222.65573, 0.5, -48.925167)
use_collision = true
collision_layer = 3
size = Vector3(4.150879, 1, 1)

[node name="gaspump5" type="CSGBox3D" parent="CrashColliders"]
transform = Transform3D(1, 0, 0, 0, 1, 0, 0, 0, 1, 215.23694, 0.5, -32.76452)
use_collision = true
collision_layer = 3
size = Vector3(4.150879, 1, 1)

[node name="gaspump6" type="CSGBox3D" parent="CrashColliders"]
transform = Transform3D(1, 0, 0, 0, 1, 0, 0, 0, 1, 215.23694, 0.5, -37.33491)
use_collision = true
collision_layer = 3
size = Vector3(4.150879, 1, 1)

[node name="gaspump7" type="CSGBox3D" parent="CrashColliders"]
transform = Transform3D(1, 0, 0, 0, 1, 0, 0, 0, 1, 215.23694, 0.5, -44.354774)
use_collision = true
collision_layer = 3
size = Vector3(4.150879, 1, 1)

[node name="gaspump8" type="CSGBox3D" parent="CrashColliders"]
transform = Transform3D(1, 0, 0, 0, 1, 0, 0, 0, 1, 215.23694, 0.5, -48.925167)
use_collision = true
collision_layer = 3
size = Vector3(4.150879, 1, 1)

[node name="CSGBox3D9" type="CSGBox3D" parent="CrashColliders"]
transform = Transform3D(1, 0, 0, 0, 1, 0, 0, 0, 1, 206.41069, 0.5, 87.29924)
use_collision = true
collision_layer = 3
size = Vector3(67.788734, 1, 58.357517)

[node name="CSGBox3D10" type="CSGBox3D" parent="CrashColliders"]
transform = Transform3D(1, 0, 0, 0, 1, 0, 0, 0, 1, 270.13724, 0.5, 86.650696)
use_collision = true
collision_layer = 3
size = Vector3(21.248087, 1, 57.92263)

[node name="CSGBox3D11" type="CSGBox3D" parent="CrashColliders"]
transform = Transform3D(1, 0, 0, 0, 1, 0, 0, 0, 1, 281.98154, 0.5, 148.53624)
use_collision = true
collision_layer = 3
size = Vector3(223.76868, 1, 34.95807)

[node name="CSGBox3D13" type="CSGBox3D" parent="CrashColliders"]
transform = Transform3D(1, 0, 0, 0, 1, 0, 0, 0, 1, -16.639923, 0.5, 148.53624)
use_collision = true
collision_layer = 3
size = Vector3(315.3703, 1, 34.95807)

[node name="CSGBox3D14" type="CSGBox3D" parent="CrashColliders"]
transform = Transform3D(1, 0, 0, 0, 1, 0, 0, 0, 1, -237.15387, 0.5, 148.53624)
use_collision = true
collision_layer = 3
size = Vector3(70.33847, 1, 34.95807)

[node name="CSGBox3D12" type="CSGBox3D" parent="CrashColliders"]
transform = Transform3D(1, 0, 0, 0, 1, 0, 0, 0, 1, 453.48645, 0.5, 148.53624)
use_collision = true
collision_layer = 3
size = Vector3(67.18106, 1, 34.95807)

[node name="CSGBox3D6" type="CSGBox3D" parent="CrashColliders"]
transform = Transform3D(1, 0, 0, 0, 1, 0, 0, 0, 1, 327.08206, 0.5, -55.92622)
use_collision = true
collision_layer = 3
size = Vector3(139.69312, 1, 69.30435)

[node name="CSGBox3D3" type="CSGBox3D" parent="CrashColliders"]
transform = Transform3D(1, 0, 0, 0, 1, 0, 0, 0, 1, 100.29118, 0.5, -98.89762)
use_collision = true
collision_layer = 3
size = Vector3(83.31464, 1, 41.103195)

[node name="CSGBox3D4" type="CSGBox3D" parent="CrashColliders"]
transform = Transform3D(1, 0, 0, 0, 1, 0, 0, 0, 1, 283.0649, 0.5, -116.02295)
use_collision = true
collision_layer = 3
size = Vector3(225.27196, 1, 19.685873)

[node name="CSGBox3D15" type="CSGBox3D" parent="CrashColliders"]
transform = Transform3D(1, 0, 0, 0, 1, 0, 0, 0, 1, 286.14645, 0.5, 212.34854)
use_collision = true
collision_layer = 3
size = Vector3(215.08203, 1, 68.31112)

[node name="CSGBox3D16" type="CSGBox3D" parent="CrashColliders"]
transform = Transform3D(1, 0, 0, 0, 1, 0, 0, 0, 1, -24.690594, 0.5, 212.34854)
use_collision = true
collision_layer = 3
size = Vector3(298.64545, 1, 68.31112)

[node name="LevelBorderCollider" type="CSGBox3D" parent="CrashColliders"]
transform = Transform3D(1, 0, 0, 0, 1, 0, 0, 0, 1, -272.41718, 0.5, 0)
use_collision = true
collision_layer = 3
size = Vector3(0.1, 100, 2000)

[node name="LevelBorderCollider4" type="CSGBox3D" parent="CrashColliders"]
transform = Transform3D(1, 0, 0, 0, 1, 0, 0, 0, 1, 483.96387, 0.5, 0)
use_collision = true
collision_layer = 3
size = Vector3(0.1, 100, 2000)

[node name="LevelBorderCollider2" type="CSGBox3D" parent="CrashColliders"]
transform = Transform3D(-4.371139e-08, 0, 1, 0, 1, 0, -1, 0, -4.371139e-08, 0, 0.5, 308.07608)
use_collision = true
collision_layer = 3
size = Vector3(0.1, 100, 2000)

[node name="LevelBorderCollider3" type="CSGBox3D" parent="CrashColliders"]
transform = Transform3D(-4.371139e-08, 0, 1, 0, 1, 0, -1, 0, -4.371139e-08, 0, 0.5, -187.84547)
use_collision = true
collision_layer = 3
size = Vector3(0.1, 100, 2000)

[node name="Colliders" type="Node3D" parent="."]
visible = false

[node name="FloorBounds" type="StaticBody3D" parent="Colliders"]
collision_layer = 5

[node name="CollisionShape3D" type="CollisionShape3D" parent="Colliders/FloorBounds"]
shape = SubResource("WorldBoundaryShape3D_114d3")

[node name="CSGBox3D15" type="CSGBox3D" parent="Colliders"]
transform = Transform3D(1, 0, 0, 0, 1, 0, 0, 0, 1, 324.928, 0.06, -8.506)
use_collision = true
collision_layer = 5
size = Vector3(143.837, 0.11, 2.154)

[node name="CSGBox3D16" type="CSGBox3D" parent="Colliders"]
transform = Transform3D(1, 0, 0, 0, 1, 0, 0, 0, 1, 206.563, 0.06, -8.506)
use_collision = true
collision_layer = 5
size = Vector3(76.211, 0.11, 2.154)

[node name="CSGBox3D18" type="CSGBox3D" parent="Colliders"]
transform = Transform3D(-4.371139e-08, 0, 1, 0, 1, 0, -1, 0, -4.371139e-08, 155.782, 0.06, -71.104)
use_collision = true
collision_layer = 5
size = Vector3(99.072, 0.11, 2.154)

[node name="CSGBox3D19" type="CSGBox3D" parent="Colliders"]
transform = Transform3D(-4.371139e-08, 0, 1, 0, 1, 0, -1, 0, -4.371139e-08, 155.782, 0.06, 126.425)
use_collision = true
collision_layer = 5
size = Vector3(244.319, 0.11, 2.154)

[node name="CSGBox3D17" type="CSGBox3D" parent="Colliders"]
transform = Transform3D(1, 0, 0, 0, 1, 0, 0, 0, 1, -15.354, 0.06, -8.506)
use_collision = true
collision_layer = 5
size = Vector3(315.751, 0.11, 2.154)

[node name="bridge2" type="CSGBox3D" parent="Colliders"]
transform = Transform3D(-0.9950555, 0.09931974, -8.742278e-08, 0.09931974, 0.9950555, 0, 8.699051e-08, -8.682807e-09, -1, 320.10132, 7.7677493, -151.53696)
use_collision = true
collision_layer = 5
size = Vector3(159.616, 0.1, 30)

[node name="bridge4" type="CSGBox3D" parent="Colliders"]
transform = Transform3D(0.9950556, -0.09931976, 1.7484555e-07, 0.09931976, 0.9950556, -2.3682798e-16, -1.7398102e-07, 1.7365618e-08, 1, -98.6071, 7.7677493, -151.53696)
use_collision = true
collision_layer = 5
size = Vector3(159.616, 0.1, 30)

[node name="bridge3" type="CSGBox3D" parent="Colliders"]
transform = Transform3D(-0.99999994, 0, 8.742278e-08, 0, 0.99999994, 0, -8.742277e-08, 0, -1, 110.747925, 15.693, -151.537)
use_collision = true
collision_layer = 5
size = Vector3(259.87, 0.1, 30)

[editable path="PlayerController"]
[editable path="PlayerController/LeanAndRotationPoint/BikeMesh"]
[editable path="PlayerController/LeanAndRotationPoint/IKCharacterMesh"]
[editable path="PlayerController/LeanAndRotationPoint/IKCharacterMesh/MixamoRacer"]
