[gd_scene load_steps=11 format=3 uid="uid://j2ul15tv0gig"]

[ext_resource type="PackedScene" uid="uid://cn1f0g4b2vnrf" path="res://assets/level/city.glb" id="1_114d3"]
[ext_resource type="Script" uid="uid://dcgws53fimvpw" path="res://scenes/level/main_level.gd" id="1_sc48v"]
[ext_resource type="PackedScene" uid="uid://bmqevs0vheol7" path="res://scenes/bike/player_controller.tscn" id="2_p3kgh"]
[ext_resource type="PackedScene" uid="uid://bdv4bgnhiss2w" path="res://scenes/level/main_menu.tscn" id="3_hv5hi"]
[ext_resource type="Shader" uid="uid://d3wh0vlxw230r" path="res://assets/materials/sky.gdshader" id="4_o6ikn"]
[ext_resource type="ArrayOccluder3D" uid="uid://dkwpsptgimbyr" path="res://scenes/level/main_level.occ" id="6_atywb"]

[sub_resource type="ShaderMaterial" id="ShaderMaterial_atywb"]
shader = ExtResource("4_o6ikn")
shader_parameter/sky_color = Color(0.2754989, 0.31298247, 0.3754213, 1)
shader_parameter/star_base_color = Color(0.915, 1, 0.7, 1)
shader_parameter/star_hue_offset = 0.2350000111625
shader_parameter/star_intensity = 0.08
shader_parameter/star_twinkle_speed = 0.8
shader_parameter/star_twinkle_intensity = 0.2
shader_parameter/layer_scale = 20.0
shader_parameter/layer_scale_step = 10.0
shader_parameter/layers_count = 3

[sub_resource type="Sky" id="Sky_hv5hi"]
sky_material = SubResource("ShaderMaterial_atywb")

[sub_resource type="Environment" id="Environment_sc48v"]
background_mode = 2
sky = SubResource("Sky_hv5hi")
tonemap_mode = 2

[sub_resource type="WorldBoundaryShape3D" id="WorldBoundaryShape3D_114d3"]

[node name="MainLevel" type="Node3D"]
script = ExtResource("1_sc48v")

[node name="OccluderInstance3D" type="OccluderInstance3D" parent="."]
occluder = ExtResource("6_atywb")

[node name="MainMenu" parent="." instance=ExtResource("3_hv5hi")]
unique_name_in_owner = true

[node name="PlayerController" parent="." instance=ExtResource("2_p3kgh")]
transform = Transform3D(-4.371139e-08, 0, -1, 0, 1, 0, 1, 0, -4.371139e-08, 0, 0, 0)

[node name="IKCharacterMesh" parent="PlayerController/LeanAndRotationPoint" index="1"]
max_bone_velocity = null
bone_linear_damp = null

[node name="Physical Bone mixamorig6_Hips" parent="PlayerController/LeanAndRotationPoint/IKCharacterMesh/MixamoRacer/Skeleton3D/PhysicalBoneSimulator3D" index="0"]
transform = Transform3D(1, 4.7090616e-08, 7.322872e-08, 8.336641e-08, -0.76040137, -0.6494535, 2.5100043e-08, 0.6494535, -0.76040137, 2.6535119e-08, 1.0196265, -0.32059056)
joint_offset = Transform3D(1, 0, 0, 0, 1, 0, 0, 0, 1, -2.6008615e-09, -2.1704473e-06, 0.05142209)
body_offset = Transform3D(1, -1.2789769e-13, -3.907985e-14, -3.5527137e-14, 0.09581822, -0.9953989, 1.2079227e-13, 0.9953989, 0.09581822, 2.6008635e-09, 0.051185697, -0.0049250126)

[node name="Physical Bone mixamorig6_Spine" parent="PlayerController/LeanAndRotationPoint/IKCharacterMesh/MixamoRacer/Skeleton3D/PhysicalBoneSimulator3D" index="1"]
transform = Transform3D(1, 5.090278e-07, 4.769559e-07, 6.968261e-07, -0.76040214, -0.64945257, 3.2088842e-08, 0.64945257, -0.76040214, 3.0676997e-08, 1.0919847, -0.23587438)
body_offset = Transform3D(1, 4.6193702e-07, 4.0372723e-07, 4.0372757e-07, -7.748604e-07, -1.0000001, -4.6193674e-07, 1.0000001, -7.748603e-07, 1.4901374e-08, 0.05999416, -5.9604645e-08)

[node name="Physical Bone mixamorig6_Spine1" parent="PlayerController/LeanAndRotationPoint/IKCharacterMesh/MixamoRacer/Skeleton3D/PhysicalBoneSimulator3D" index="2"]
transform = Transform3D(1, 2.8550932e-07, 1.7008601e-07, 3.2756463e-07, -0.76040167, -0.64945316, -5.6091245e-08, 0.64945316, -0.76040167, -1.2016257e-07, 1.1754777, -0.12590551)
body_offset = Transform3D(1, 2.3841856e-07, 9.685729e-08, 9.685727e-08, 2.9659786e-15, -1.0000001, -2.3841856e-07, 1.0000001, 1.0334667e-14, -1.2621746e-07, 0.07786, 0.007931352)

[node name="Physical Bone mixamorig6_Head" parent="PlayerController/LeanAndRotationPoint/IKCharacterMesh/MixamoRacer/Skeleton3D/PhysicalBoneSimulator3D" index="3"]
transform = Transform3D(-1, 3.7480774e-09, 3.627039e-07, -2.572919e-07, 0.69750535, -0.71657956, -2.556737e-07, -0.71657956, -0.69750535, -7.673743e-08, 1.4402779, 0.16698444)
joint_offset = Transform3D(1, 0, 0, 0, 1, 0, 0, 0, 1, -1.6685044e-09, -0.003911216, 0.1445295)
body_offset = Transform3D(-1, 4.032671e-08, 2.9885587e-07, -2.6822087e-07, 0.33402425, -0.9425647, -1.3783558e-07, -0.9425647, -0.33402425, -4.4704272e-08, 0.13753486, 0.044589788)

[node name="Physical Bone mixamorig6_LeftShoulder" parent="PlayerController/LeanAndRotationPoint/IKCharacterMesh/MixamoRacer/Skeleton3D/PhysicalBoneSimulator3D" index="4"]
transform = Transform3D(-0.027132567, -0.26322648, -0.9643524, 0.7597595, -0.6323716, 0.15123385, -0.6496379, -0.7285725, 0.2171467, 0.12511575, 1.3000503, 0.0024324502)
joint_offset = Transform3D(1, 0, 0, 0, 1, 0, 0, 0, 1, 1.818515e-05, 1.8075836e-05, 0.06553348)
body_offset = Transform3D(1, 1.611188e-07, -8.754432e-08, -8.009374e-08, -1.1920929e-07, -1, -2.514571e-07, 1, -2.3841858e-07, -1.8179417e-05, 0.06553348, -1.8060207e-05)

[node name="Physical Bone mixamorig6_LeftArm" parent="PlayerController/LeanAndRotationPoint/IKCharacterMesh/MixamoRacer/Skeleton3D/PhysicalBoneSimulator3D" index="5"]
transform = Transform3D(0.27265358, -0.9473915, -0.1676586, -0.6449271, -0.3092834, 0.6988654, -0.7139532, -0.08242058, -0.69532555, 0.21099378, 1.1955926, 0.08224906)
joint_offset = Transform3D(1, 0, 0, 0, 1, 0, 0, 0, 1, 9.948631e-06, -2.1884132e-06, 0.13529226)
body_offset = Transform3D(1.0004753, -3.758073e-05, -2.8632581e-05, -2.8505921e-05, -6.1690807e-06, -1.000475, 3.7550926e-05, 1.0004753, -6.28829e-06, -6.0796738e-06, 0.13535655, 3.0398369e-06)

[node name="Physical Bone mixamorig6_LeftHand" parent="PlayerController/LeanAndRotationPoint/IKCharacterMesh/MixamoRacer/Skeleton3D/PhysicalBoneSimulator3D" index="6"]
transform = Transform3D(0.12848938, 0.84917444, 0.51224333, 0.9062365, -0.31032023, 0.28711802, 0.40277272, 0.42732197, -0.8094258, 0.26625055, 0.9579488, 0.40418848)
joint_offset = Transform3D(1, 0, 0, 0, 1, 0, 0, 0, 1, -2.052635e-06, -1.4996622e-06, 0.02052542)
body_offset = Transform3D(-0.46665746, 0.6087464, 0.64253, 3.0696392e-06, 0.72636616, -0.6881723, -0.8851061, -0.32094705, -0.33876395, -0.013188243, 0.014126115, 0.0069509745)

[node name="Physical Bone mixamorig6_RightShoulder" parent="PlayerController/LeanAndRotationPoint/IKCharacterMesh/MixamoRacer/Skeleton3D/PhysicalBoneSimulator3D" index="7"]
transform = Transform3D(-0.025646163, 0.26336703, 0.96435475, -0.7598031, -0.6320381, 0.15240444, 0.6496473, -0.7288112, 0.21631642, -0.12512505, 1.2999028, 0.002536559)
joint_offset = Transform3D(1, 0, 0, 0, 1, 0, 0, 0, 1, -1.6323726e-05, 2.0811372e-05, 0.06554228)
body_offset = Transform3D(1.0000004, -3.304705e-05, -8.377619e-05, -8.3681196e-05, 8.6426735e-07, -1.0000002, 3.308663e-05, 1.0000004, 7.748604e-07, 2.18153e-05, 0.065542296, -2.0861626e-05)

[node name="Physical Bone mixamorig6_RightArm" parent="PlayerController/LeanAndRotationPoint/IKCharacterMesh/MixamoRacer/Skeleton3D/PhysicalBoneSimulator3D" index="8"]
transform = Transform3D(0.3246503, 0.9367469, 0.13079564, 0.6407223, -0.3195334, 0.69812137, 0.69575655, -0.14284162, -0.7039312, -0.20601164, 1.1954205, 0.083643444)
joint_offset = Transform3D(1, 0, 0, 0, 1, 0, 0, 0, 1, -2.0435635e-05, -7.773347e-06, 0.13538386)
body_offset = Transform3D(0.9998665, -0.00020006299, -3.1795353e-05, -3.1773e-05, -1.2129545e-05, -0.99986655, 0.00020006299, 0.9998666, -1.2122095e-05, 2.4735928e-05, 0.13536578, 9.417534e-06)

[node name="Physical Bone mixamorig6_RightHand" parent="PlayerController/LeanAndRotationPoint/IKCharacterMesh/MixamoRacer/Skeleton3D/PhysicalBoneSimulator3D" index="9"]
transform = Transform3D(-0.23806068, -0.879842, -0.41134575, -0.8256851, -0.039683253, 0.5627338, -0.5114403, 0.4736069, -0.7170254, -0.2597752, 0.93870825, 0.3970437)
joint_offset = Transform3D(1, 0, 0, 0, 1, 0, 0, 0, 1, 1.9102823e-05, -8.610077e-07, 0.02214374)
body_offset = Transform3D(-0.48944515, -0.5829549, -0.64858574, -1.6987324e-06, 0.7437743, -0.6685097, 0.8721147, -0.3271987, -0.36403894, 0.014370963, 0.014803946, 0.008044243)

[node name="Physical Bone mixamorig6_LeftUpLeg" parent="PlayerController/LeanAndRotationPoint/IKCharacterMesh/MixamoRacer/Skeleton3D/PhysicalBoneSimulator3D" index="10"]
transform = Transform3D(-0.5119757, -0.70662683, -0.48842543, -0.844247, 0.30899817, 0.43791232, -0.158518, 0.63655216, -0.7547671, 0.19136398, 0.86574465, -0.25317863)
joint_offset = Transform3D(1, 0, 0, 0, 1, 0, 0, 0, 1, -1.21259045e-05, -6.7447564e-07, 0.20448866)
body_offset = Transform3D(1.0000002, -8.85129e-06, 1.6450882e-05, 1.6361475e-05, 5.066395e-07, -1.0000001, 8.940697e-06, 1, 5.662441e-07, 8.761883e-06, 0.2044887, 5.5879354e-07)

[node name="Physical Bone mixamorig6_LeftLeg" parent="PlayerController/LeanAndRotationPoint/IKCharacterMesh/MixamoRacer/Skeleton3D/PhysicalBoneSimulator3D" index="11"]
transform = Transform3D(-0.9898312, 0.03238953, 0.13851056, 0.1298209, -0.19232515, 0.9727064, 0.05814456, 0.98079664, 0.18616459, 0.26426324, 0.5866402, -0.13512152)
joint_offset = Transform3D(1, 0, 0, 0, 1, 0, 0, 0, 1, 2.2351112e-06, 2.0830146e-05, 0.19487485)
body_offset = Transform3D(1.0000005, -1.834333e-05, -4.7385693e-06, -4.6491623e-06, 3.655441e-06, -1.0000001, 1.8347055e-05, 1.0000001, 3.6787242e-06, -1.3113022e-06, 0.19487488, -2.1547079e-05)

[node name="Physical Bone mixamorig6_LeftFoot" parent="PlayerController/LeanAndRotationPoint/IKCharacterMesh/MixamoRacer/Skeleton3D/PhysicalBoneSimulator3D" index="12"]
transform = Transform3D(-0.99823356, -0.0472895, -0.035966713, -0.059412464, 0.7920336, 0.6075796, -0.00024529087, 0.6086432, -0.79344404, 0.2407924, 0.3379444, -0.09431545)
joint_offset = Transform3D(1, 0, 0, 0, 1, 0, 0, 0, 1, 1.5825406e-05, 0.000120134006, 0.09721149)
body_offset = Transform3D(1.0000005, 0.00015052035, -0.00019363686, -0.00019373745, 0.000653689, -0.9999998, -0.00015036389, 0.99999964, 0.0006537809, 2.9802322e-06, 0.09721139, -0.00018368661)

[node name="Physical Bone mixamorig6_RightUpLeg" parent="PlayerController/LeanAndRotationPoint/IKCharacterMesh/MixamoRacer/Skeleton3D/PhysicalBoneSimulator3D" index="13"]
transform = Transform3D(-0.5190158, 0.7022073, 0.48736796, 0.8404665, 0.3153973, 0.44061396, 0.1556878, 0.63830197, -0.75387794, -0.19112435, 0.8672419, -0.25481442)
joint_offset = Transform3D(1, 0, 0, 0, 1, 0, 0, 0, 1, -1.9445235e-07, -1.7850397e-07, 0.20442726)
body_offset = Transform3D(0.99999994, -1.4901161e-07, -5.066395e-07, -5.662441e-07, 2.5629997e-06, -1.0000001, 0, 1, 2.6226044e-06, 2.9802322e-07, 0.20442727, -3.5762787e-07)

[node name="Physical Bone mixamorig6_RightLeg" parent="PlayerController/LeanAndRotationPoint/IKCharacterMesh/MixamoRacer/Skeleton3D/PhysicalBoneSimulator3D" index="14"]
transform = Transform3D(-0.99018925, -0.032696884, -0.13585371, -0.12746361, -0.18702811, 0.9740501, -0.05725687, 0.98181033, 0.18102556, -0.264253, 0.58725774, -0.13600999)
joint_offset = Transform3D(1, 0, 0, 0, 1, 0, 0, 0, 1, 3.2988544e-06, -2.2086842e-06, 0.19497927)
body_offset = Transform3D(1.0000001, -1.0058284e-07, 1.7285347e-06, 1.758337e-06, -1.6856939e-07, -1.0000002, 9.313226e-08, 1.0000001, -2.8871e-07, -3.6358833e-06, 0.19497931, 2.2649765e-06)

[node name="Physical Bone mixamorig6_RightFoot" parent="PlayerController/LeanAndRotationPoint/IKCharacterMesh/MixamoRacer/Skeleton3D/PhysicalBoneSimulator3D" index="15"]
transform = Transform3D(-0.9982237, -0.04693063, -0.03669989, -0.059573747, 0.7922803, 0.60724205, 0.0005783524, 0.6083498, -0.79366887, -0.2341645, 0.3379615, -0.09368672)
joint_offset = Transform3D(1, 0, 0, 0, 1, 0, 0, 0, 1, 1.5379104e-05, -6.0653756e-06, 0.09779603)
body_offset = Transform3D(1.0000001, 0.00012120977, -0.00010209158, -0.00010211021, 3.7327409e-06, -1.0000002, -0.00012122467, 1.0000002, 3.834488e-06, -5.3942204e-06, 0.09779605, 5.6922436e-06)

[node name="DirectionalLight3D" type="DirectionalLight3D" parent="."]
transform = Transform3D(-0.8660254, -0.43301278, 0.25, 0, 0.49999997, 0.86602545, -0.50000006, 0.75, -0.43301266, 0, 0, 0)
light_color = Color(0.93662876, 0.78549045, 0.6625095, 1)
shadow_enabled = true

[node name="WorldEnvironment" type="WorldEnvironment" parent="."]
environment = SubResource("Environment_sc48v")

[node name="City Mesh" parent="." instance=ExtResource("1_114d3")]
transform = Transform3D(10, 0, 0, 0, 10, 0, 0, 0, 10, 17.684, -41.359, 31.205)

[node name="Ramp" type="Node3D" parent="."]
transform = Transform3D(1, 0, 0, 0, 1, 0, 0, 0, 1, 124.67141, 0.08500248, -5.494201)

[node name="CSGBox3DRAMP2" type="CSGBox3D" parent="Ramp"]
transform = Transform3D(-4.371139e-08, -0.25881904, 0.9659258, 0, 0.96592593, 0.25881907, -1.0000001, 1.13133405e-08, -4.2221963e-08, 0, 0.94429934, 0)
use_collision = true
size = Vector3(4, 0.1, 8.349)

[node name="CSGBox3DRAMP3" type="CSGBox3D" parent="Ramp"]
transform = Transform3D(-4.1906574e-08, -0.5228259, 0.8524394, -1.2430799e-08, 0.8524395, 0.5228259, -1.0000001, 1.13133405e-08, -4.2221966e-08, 5.1975117, 2.7701871, 0)
use_collision = true
size = Vector3(4, 0.1, 3.282)

[node name="Ramp2" type="Node3D" parent="."]
transform = Transform3D(1, 0, 0, 0, 1, 0, 0, 0, 1, 193.76974, 0.08500248, 269.42715)

[node name="CSGBox3D17" type="CSGBox3D" parent="Ramp2"]
transform = Transform3D(1, 0, 0, 0, 1, 0, 0, 0, 1, -57.032684, 1.3001173, -274.8331)
use_collision = true
collision_layer = 3
size = Vector3(8.967552, 2.7702394, 3.2959795)

[node name="CSGBox3DRAMP2" type="CSGBox3D" parent="Ramp2"]
transform = Transform3D(-4.371139e-08, -0.25881904, 0.9659258, 0, 0.96592593, 0.25881907, -1.0000001, 1.13133405e-08, -4.2221963e-08, 0, 0.94429934, 0)
use_collision = true
size = Vector3(4, 0.1, 8.349)

[node name="CSGBox3DRAMP3" type="CSGBox3D" parent="Ramp2"]
transform = Transform3D(-4.1906574e-08, -0.5228259, 0.8524394, -1.2430799e-08, 0.8524395, 0.5228259, -1.0000001, 1.13133405e-08, -4.2221966e-08, 5.1975117, 2.7701871, 0)
use_collision = true
size = Vector3(4, 0.1, 3.282)

[node name="CrashColliders" type="Node3D" parent="."]
visible = false

[node name="CSGBox3D" type="CSGBox3D" parent="CrashColliders"]
transform = Transform3D(1, 0, 0, 0, 1, 0, 0, 0, 1, 100.377884, 0.5, 24.806492)
use_collision = true
collision_layer = 3
size = Vector3(84.37645, 1, 39.758087)

[node name="CSGBox3D7" type="CSGBox3D" parent="CrashColliders"]
transform = Transform3D(1, 0, 0, 0, 1, 0, 0, 0, 1, 205.81018, 0.5, 23.942654)
use_collision = true
collision_layer = 3
size = Vector3(71.6136, 1, 38.03041)

[node name="CSGBox3D8" type="CSGBox3D" parent="CrashColliders"]
transform = Transform3D(1, 0, 0, 0, 1, 0, 0, 0, 1, 292.03314, 0.5, 23.094858)
use_collision = true
collision_layer = 3
size = Vector3(73.23018, 1, 35.728794)

[node name="CSGBox3D2" type="CSGBox3D" parent="CrashColliders"]
transform = Transform3D(1, 0, 0, 0, 1, 0, 0, 0, 1, 100.77937, 0.5, -43.01004)
use_collision = true
collision_layer = 3
size = Vector3(83.57348, 1, 40.288177)

[node name="CSGBox3D5" type="CSGBox3D" parent="CrashColliders"]
transform = Transform3D(1, 0, 0, 0, 1, 0, 0, 0, 1, 188.51074, 0.5, -55.853786)
use_collision = true
collision_layer = 3
size = Vector3(41.301468, 1, 69.6393)

[node name="CSGBox3D17" type="CSGBox3D" parent="CrashColliders"]
transform = Transform3D(1, 0, 0, 0, 1, 0, 0, 0, 1, 223.4282, 0.5, -72.79267)
use_collision = true
collision_layer = 3
size = Vector3(37.084587, 1, 31.893816)

[node name="CSGBox3D18" type="CSGBox3D" parent="CrashColliders"]
transform = Transform3D(1, 0, 0, 0, 1, 0, 0, 0, 1, 237.63278, 0.5, -36.499565)
use_collision = true
collision_layer = 3
size = Vector3(8.785659, 1, 31.013065)

[node name="gaspump1" type="CSGBox3D" parent="CrashColliders"]
transform = Transform3D(1, 0, 0, 0, 1, 0, 0, 0, 1, 222.65573, 0.5, -32.76452)
use_collision = true
collision_layer = 3
size = Vector3(4.150879, 1, 1)

[node name="gaspump2" type="CSGBox3D" parent="CrashColliders"]
transform = Transform3D(1, 0, 0, 0, 1, 0, 0, 0, 1, 222.65573, 0.5, -37.33491)
use_collision = true
collision_layer = 3
size = Vector3(4.150879, 1, 1)

[node name="gaspump3" type="CSGBox3D" parent="CrashColliders"]
transform = Transform3D(1, 0, 0, 0, 1, 0, 0, 0, 1, 222.65573, 0.5, -44.354774)
use_collision = true
collision_layer = 3
size = Vector3(4.150879, 1, 1)

[node name="gaspump4" type="CSGBox3D" parent="CrashColliders"]
transform = Transform3D(1, 0, 0, 0, 1, 0, 0, 0, 1, 222.65573, 0.5, -48.925167)
use_collision = true
collision_layer = 3
size = Vector3(4.150879, 1, 1)

[node name="gaspump5" type="CSGBox3D" parent="CrashColliders"]
transform = Transform3D(1, 0, 0, 0, 1, 0, 0, 0, 1, 215.23694, 0.5, -32.76452)
use_collision = true
collision_layer = 3
size = Vector3(4.150879, 1, 1)

[node name="gaspump6" type="CSGBox3D" parent="CrashColliders"]
transform = Transform3D(1, 0, 0, 0, 1, 0, 0, 0, 1, 215.23694, 0.5, -37.33491)
use_collision = true
collision_layer = 3
size = Vector3(4.150879, 1, 1)

[node name="gaspump7" type="CSGBox3D" parent="CrashColliders"]
transform = Transform3D(1, 0, 0, 0, 1, 0, 0, 0, 1, 215.23694, 0.5, -44.354774)
use_collision = true
collision_layer = 3
size = Vector3(4.150879, 1, 1)

[node name="gaspump8" type="CSGBox3D" parent="CrashColliders"]
transform = Transform3D(1, 0, 0, 0, 1, 0, 0, 0, 1, 215.23694, 0.5, -48.925167)
use_collision = true
collision_layer = 3
size = Vector3(4.150879, 1, 1)

[node name="CSGBox3D9" type="CSGBox3D" parent="CrashColliders"]
transform = Transform3D(1, 0, 0, 0, 1, 0, 0, 0, 1, 206.41069, 0.5, 87.29924)
use_collision = true
collision_layer = 3
size = Vector3(67.788734, 1, 58.357517)

[node name="CSGBox3D10" type="CSGBox3D" parent="CrashColliders"]
transform = Transform3D(1, 0, 0, 0, 1, 0, 0, 0, 1, 270.13724, 0.5, 86.650696)
use_collision = true
collision_layer = 3
size = Vector3(21.248087, 1, 57.92263)

[node name="CSGBox3D11" type="CSGBox3D" parent="CrashColliders"]
transform = Transform3D(1, 0, 0, 0, 1, 0, 0, 0, 1, 281.98154, 0.5, 148.53624)
use_collision = true
collision_layer = 3
size = Vector3(223.76868, 1, 34.95807)

[node name="CSGBox3D13" type="CSGBox3D" parent="CrashColliders"]
transform = Transform3D(1, 0, 0, 0, 1, 0, 0, 0, 1, -16.639923, 0.5, 148.53624)
use_collision = true
collision_layer = 3
size = Vector3(315.3703, 1, 34.95807)

[node name="CSGBox3D14" type="CSGBox3D" parent="CrashColliders"]
transform = Transform3D(1, 0, 0, 0, 1, 0, 0, 0, 1, -237.15387, 0.5, 148.53624)
use_collision = true
collision_layer = 3
size = Vector3(70.33847, 1, 34.95807)

[node name="CSGBox3D12" type="CSGBox3D" parent="CrashColliders"]
transform = Transform3D(1, 0, 0, 0, 1, 0, 0, 0, 1, 453.48645, 0.5, 148.53624)
use_collision = true
collision_layer = 3
size = Vector3(67.18106, 1, 34.95807)

[node name="CSGBox3D6" type="CSGBox3D" parent="CrashColliders"]
transform = Transform3D(1, 0, 0, 0, 1, 0, 0, 0, 1, 327.08206, 0.5, -55.92622)
use_collision = true
collision_layer = 3
size = Vector3(139.69312, 1, 69.30435)

[node name="CSGBox3D3" type="CSGBox3D" parent="CrashColliders"]
transform = Transform3D(1, 0, 0, 0, 1, 0, 0, 0, 1, 100.29118, 0.5, -98.89762)
use_collision = true
collision_layer = 3
size = Vector3(83.31464, 1, 41.103195)

[node name="CSGBox3D4" type="CSGBox3D" parent="CrashColliders"]
transform = Transform3D(1, 0, 0, 0, 1, 0, 0, 0, 1, 283.0649, 0.5, -116.02295)
use_collision = true
collision_layer = 3
size = Vector3(225.27196, 1, 19.685873)

[node name="CSGBox3D15" type="CSGBox3D" parent="CrashColliders"]
transform = Transform3D(1, 0, 0, 0, 1, 0, 0, 0, 1, 286.14645, 0.5, 212.34854)
use_collision = true
collision_layer = 3
size = Vector3(215.08203, 1, 68.31112)

[node name="CSGBox3D16" type="CSGBox3D" parent="CrashColliders"]
transform = Transform3D(1, 0, 0, 0, 1, 0, 0, 0, 1, -24.690594, 0.5, 212.34854)
use_collision = true
collision_layer = 3
size = Vector3(298.64545, 1, 68.31112)

[node name="LevelBorderCollider" type="CSGBox3D" parent="CrashColliders"]
transform = Transform3D(1, 0, 0, 0, 1, 0, 0, 0, 1, -272.41718, 0.5, 0)
use_collision = true
collision_layer = 3
size = Vector3(0.1, 100, 2000)

[node name="LevelBorderCollider4" type="CSGBox3D" parent="CrashColliders"]
transform = Transform3D(1, 0, 0, 0, 1, 0, 0, 0, 1, 483.96387, 0.5, 0)
use_collision = true
collision_layer = 3
size = Vector3(0.1, 100, 2000)

[node name="LevelBorderCollider2" type="CSGBox3D" parent="CrashColliders"]
transform = Transform3D(-4.371139e-08, 0, 1, 0, 1, 0, -1, 0, -4.371139e-08, 0, 0.5, 308.07608)
use_collision = true
collision_layer = 3
size = Vector3(0.1, 100, 2000)

[node name="LevelBorderCollider3" type="CSGBox3D" parent="CrashColliders"]
transform = Transform3D(-4.371139e-08, 0, 1, 0, 1, 0, -1, 0, -4.371139e-08, 0, 0.5, -187.84547)
use_collision = true
collision_layer = 3
size = Vector3(0.1, 100, 2000)

[node name="Colliders" type="Node3D" parent="."]
visible = false

[node name="FloorBounds" type="StaticBody3D" parent="Colliders"]
collision_layer = 5

[node name="CollisionShape3D" type="CollisionShape3D" parent="Colliders/FloorBounds"]
shape = SubResource("WorldBoundaryShape3D_114d3")

[node name="CSGBox3D15" type="CSGBox3D" parent="Colliders"]
transform = Transform3D(1, 0, 0, 0, 1, 0, 0, 0, 1, 324.928, 0.06, -8.506)
use_collision = true
collision_layer = 5
size = Vector3(143.837, 0.11, 2.154)

[node name="CSGBox3D16" type="CSGBox3D" parent="Colliders"]
transform = Transform3D(1, 0, 0, 0, 1, 0, 0, 0, 1, 206.563, 0.06, -8.506)
use_collision = true
collision_layer = 5
size = Vector3(76.211, 0.11, 2.154)

[node name="CSGBox3D18" type="CSGBox3D" parent="Colliders"]
transform = Transform3D(-4.371139e-08, 0, 1, 0, 1, 0, -1, 0, -4.371139e-08, 155.782, 0.06, -71.104)
use_collision = true
collision_layer = 5
size = Vector3(99.072, 0.11, 2.154)

[node name="CSGBox3D19" type="CSGBox3D" parent="Colliders"]
transform = Transform3D(-4.371139e-08, 0, 1, 0, 1, 0, -1, 0, -4.371139e-08, 155.782, 0.06, 126.425)
use_collision = true
collision_layer = 5
size = Vector3(244.319, 0.11, 2.154)

[node name="CSGBox3D17" type="CSGBox3D" parent="Colliders"]
transform = Transform3D(1, 0, 0, 0, 1, 0, 0, 0, 1, -15.354, 0.06, -8.506)
use_collision = true
collision_layer = 5
size = Vector3(315.751, 0.11, 2.154)

[node name="bridge2" type="CSGBox3D" parent="Colliders"]
transform = Transform3D(-0.9950555, 0.09931974, -8.742278e-08, 0.09931974, 0.9950555, 0, 8.699051e-08, -8.682807e-09, -1, 320.10132, 7.7677493, -151.53696)
use_collision = true
collision_layer = 5
size = Vector3(159.616, 0.1, 30)

[node name="bridge4" type="CSGBox3D" parent="Colliders"]
transform = Transform3D(0.9950556, -0.09931976, 1.7484555e-07, 0.09931976, 0.9950556, -2.3682798e-16, -1.7398102e-07, 1.7365618e-08, 1, -98.6071, 7.7677493, -151.53696)
use_collision = true
collision_layer = 5
size = Vector3(159.616, 0.1, 30)

[node name="bridge3" type="CSGBox3D" parent="Colliders"]
transform = Transform3D(-0.99999994, 0, 8.742278e-08, 0, 0.99999994, 0, -8.742277e-08, 0, -1, 110.747925, 15.693, -151.537)
use_collision = true
collision_layer = 5
size = Vector3(259.87, 0.1, 30)

[editable path="PlayerController"]
[editable path="PlayerController/LeanAndRotationPoint/IKCharacterMesh"]
[editable path="PlayerController/LeanAndRotationPoint/IKCharacterMesh/MixamoRacer"]
