[gd_scene load_steps=11 format=3 uid="uid://j2ul15tv0gig"]

[ext_resource type="PackedScene" uid="uid://cn1f0g4b2vnrf" path="res://assets/level/city.glb" id="1_114d3"]
[ext_resource type="PackedScene" uid="uid://bmqevs0vheol7" path="res://scenes/bike/player_controller.tscn" id="2_p3kgh"]
[ext_resource type="Shader" uid="uid://d3wh0vlxw230r" path="res://assets/materials/sky.gdshader" id="4_o6ikn"]
[ext_resource type="Script" uid="uid://biy8pd4m0fncl" path="res://scenes/bike/components/bike_state.gd" id="5_ms8vg"]
[ext_resource type="ArrayOccluder3D" uid="uid://dkwpsptgimbyr" path="res://scenes/level/main_level.occ" id="6_atywb"]

[sub_resource type="Resource" id="Resource_6i4h1"]
script = ExtResource("5_ms8vg")

[sub_resource type="ShaderMaterial" id="ShaderMaterial_atywb"]
shader = ExtResource("4_o6ikn")
shader_parameter/sky_color = Color(0.2754989, 0.31298247, 0.3754213, 1)
shader_parameter/star_base_color = Color(0.915, 1, 0.7, 1)
shader_parameter/star_hue_offset = 0.2350000111625
shader_parameter/star_intensity = 0.08
shader_parameter/star_twinkle_speed = 0.8
shader_parameter/star_twinkle_intensity = 0.2
shader_parameter/layer_scale = 20.0
shader_parameter/layer_scale_step = 10.0
shader_parameter/layers_count = 3

[sub_resource type="Sky" id="Sky_atywb"]
sky_material = SubResource("ShaderMaterial_atywb")

[sub_resource type="Environment" id="Environment_sc48v"]
background_mode = 2
sky = SubResource("Sky_atywb")
tonemap_mode = 2

[sub_resource type="WorldBoundaryShape3D" id="WorldBoundaryShape3D_114d3"]

[node name="MainLevel" type="Node3D"]

[node name="OccluderInstance3D" type="OccluderInstance3D" parent="."]
occluder = ExtResource("6_atywb")

[node name="PlayerController" parent="." instance=ExtResource("2_p3kgh")]
transform = Transform3D(-4.371139e-08, 0, -1, 0, 1, 0, 1, 0, -4.371139e-08, 0, 0, 0)
state = SubResource("Resource_6i4h1")

[node name="Physical Bone mixamorig6_Hips" parent="PlayerController/LeanAndRotationPoint/IKCharacterMesh/MixamoRacer/Skeleton3D/PhysicalBoneSimulator3D" index="0"]
transform = Transform3D(1.0000001, 3.8135518e-08, 1.4477322e-07, 1.2302189e-07, -0.76040053, -0.64945465, 8.531837e-08, 0.6494546, -0.7604004, -9.522051e-07, 1.0195979, -0.32059538)
joint_offset = Transform3D(1, 0, 0, 0, 1, 0, 0, 0, 1, 9.724642e-07, -2.0825304e-05, 0.05139985)
body_offset = Transform3D(1.0000001, -1.0847785e-08, 7.3805914e-08, 7.450577e-08, 0.09581956, -0.99539876, 3.7258587e-09, 0.99539876, 0.09581971, -9.762582e-07, 0.051165342, -0.0049043894)

[node name="Physical Bone mixamorig6_Spine" parent="PlayerController/LeanAndRotationPoint/IKCharacterMesh/MixamoRacer/Skeleton3D/PhysicalBoneSimulator3D" index="1"]
transform = Transform3D(1.0000001, -1.2655001e-05, -7.719239e-06, -1.4636165e-05, -0.7604017, -0.6494533, 2.3491095e-06, 0.6494533, -0.7604016, -2.9189098e-06, 1.0919657, -0.23588043)
joint_offset = Transform3D(1, 0, 0, 0, 1, 0, 0, 0, 1, 3.4021562e-06, -1.0497608e-05, 0.059977174)
body_offset = Transform3D(1, -1.2703983e-05, -7.790204e-06, -7.790205e-06, -1.3355591e-13, -1, 1.2703984e-05, 1.0000002, 1.19208366e-07, -2.9350551e-06, 0.059977174, 1.04904175e-05)

[node name="Physical Bone mixamorig6_Spine1" parent="PlayerController/LeanAndRotationPoint/IKCharacterMesh/MixamoRacer/Skeleton3D/PhysicalBoneSimulator3D" index="2"]
transform = Transform3D(1.0000001, -1.2655001e-05, -7.719239e-06, -1.4636165e-05, -0.7604017, -0.6494533, 2.3491095e-06, 0.6494533, -0.7604016, -1.6153337e-05, 1.1737549, -0.12660122)
joint_offset = Transform3D(1, 0, 0, 0, 1, 0, 0, 0, 1, 1.664229e-05, -0.008789547, 0.07621211)
body_offset = Transform3D(1, -1.2703983e-05, -7.790204e-06, -7.790205e-06, -1.3355591e-13, -1, 1.2703984e-05, 1.0000002, 1.19208366e-07, -1.6160246e-05, 0.07621211, 0.008789539)

[node name="Physical Bone mixamorig6_Head" parent="PlayerController/LeanAndRotationPoint/IKCharacterMesh/MixamoRacer/Skeleton3D/PhysicalBoneSimulator3D" index="3"]
transform = Transform3D(-1.0000001, -7.0072943e-09, 3.707492e-07, -2.7055893e-07, 0.6975055, -0.7165796, -2.5357832e-07, -0.71657956, -0.6975054, 3.3687982e-05, 1.440041, 0.1670663)
joint_offset = Transform3D(1, 0, 0, 0, 1, 0, 0, 0, 1, 3.3763168e-05, -0.0036872327, 0.14441675)
body_offset = Transform3D(-1.0000001, 2.9571353e-08, 3.0690117e-07, -2.7939663e-07, 0.33402437, -0.94256485, -1.3038532e-07, -0.94256485, -0.33402422, 3.371896e-05, 0.13735378, 0.044763237)

[node name="Physical Bone mixamorig6_LeftShoulder" parent="PlayerController/LeanAndRotationPoint/IKCharacterMesh/MixamoRacer/Skeleton3D/PhysicalBoneSimulator3D" index="4"]
transform = Transform3D(-0.027138466, -0.2632247, -0.9643529, 0.7597465, -0.63238776, 0.15123269, -0.64965296, -0.7285594, 0.217146, 0.12536894, 1.2983392, 0.0021777474)
joint_offset = Transform3D(1, 0, 0, 0, 1, 0, 0, 0, 1, 0.0011596159, -0.0011830141, 0.06609172)
body_offset = Transform3D(1.0000002, -2.0713545e-05, -4.8801303e-07, -5.364418e-07, 1.1920929e-06, -1.0000001, 2.0464882e-05, 1.0000002, 1.1622906e-06, -0.0011596084, 0.066091724, 0.0011829138)

[node name="Physical Bone mixamorig6_LeftArm" parent="PlayerController/LeanAndRotationPoint/IKCharacterMesh/MixamoRacer/Skeleton3D/PhysicalBoneSimulator3D" index="5"]
transform = Transform3D(0.9902828, 0.010221097, -0.13869344, 0.10892705, -0.6770251, 0.72785455, -0.08645944, -0.735889, -0.6715595, 0.20737225, 1.1901268, 0.07962807)
joint_offset = Transform3D(1, 0, 0, 0, 1, 0, 0, 0, 1, -7.007513e-05, -0.00060185196, 0.13685612)
body_offset = Transform3D(1.0004753, -0.00036615785, -4.0709972e-05, -4.091859e-05, -0.00049390376, -1.0004752, 0.0003662249, 1.000475, -0.0004940507, 7.545948e-05, 0.13692087, 0.0006697774)

[node name="Physical Bone mixamorig6_LeftHand" parent="PlayerController/LeanAndRotationPoint/IKCharacterMesh/MixamoRacer/Skeleton3D/PhysicalBoneSimulator3D" index="6"]
transform = Transform3D(-0.27095604, 0.77793485, 0.566922, 0.9272469, 0.052806813, 0.3707086, 0.25844973, 0.62612224, -0.7356457, 0.26146826, 0.9257023, 0.3788809)
joint_offset = Transform3D(1, 0, 0, 0, 1, 0, 0, 0, 1, 0.00060909754, 0.00047124876, 0.020763885)
body_offset = Transform3D(-0.46665668, 0.6087454, 0.6425321, 2.8312206e-06, 0.7263683, -0.68817097, -0.8851052, -0.32094508, -0.33876336, -0.013344094, 0.013946801, 0.0077244043)

[node name="Physical Bone mixamorig6_RightShoulder" parent="PlayerController/LeanAndRotationPoint/IKCharacterMesh/MixamoRacer/Skeleton3D/PhysicalBoneSimulator3D" index="7"]
transform = Transform3D(-0.025690382, 0.26336452, 0.96435446, -0.75960654, -0.632267, 0.1524358, 0.6498755, -0.7286136, 0.21629652, -0.12455943, 1.2981596, 0.0015139567)
joint_offset = Transform3D(1, 0, 0, 0, 1, 0, 0, 0, 1, -0.0006589714, -0.0019750528, 0.06548373)
body_offset = Transform3D(1.0000002, 0.00026915595, -0.00012048893, -0.000120352954, -4.61936e-06, -1.0000004, -0.00026909914, 1.0000004, -4.61936e-06, 0.0006673932, 0.06548366, 0.0019751787)

[node name="Physical Bone mixamorig6_RightArm" parent="PlayerController/LeanAndRotationPoint/IKCharacterMesh/MixamoRacer/Skeleton3D/PhysicalBoneSimulator3D" index="8"]
transform = Transform3D(0.98978823, -0.056675844, 0.13079514, -0.13254292, -0.7035888, 0.69813716, 0.052458473, -0.70834374, -0.7039157, -0.20600721, 1.1953828, 0.08360861)
joint_offset = Transform3D(1, 0, 0, 0, 1, 0, 0, 0, 1, -2.0350466e-05, -3.0421927e-05, 0.13538507)
body_offset = Transform3D(0.99986655, -0.00018772855, -3.7297606e-05, -3.735721e-05, -1.833681e-05, -0.99986637, 0.00018767267, 0.99986666, -1.831865e-05, 2.5391579e-05, 0.13536698, 3.2901764e-05)

[node name="Physical Bone mixamorig6_RightHand" parent="PlayerController/LeanAndRotationPoint/IKCharacterMesh/MixamoRacer/Skeleton3D/PhysicalBoneSimulator3D" index="9"]
transform = Transform3D(-0.23805848, -0.8798418, -0.41134757, -0.82568276, -0.03968874, 0.56273717, -0.5114454, 0.47360682, -0.71702176, -0.2596841, 0.9385398, 0.39697877)
joint_offset = Transform3D(1, 0, 0, 0, 1, 0, 0, 0, 1, -0.00013142545, 0.000103242, 0.02222925)
body_offset = Transform3D(-0.48944548, -0.58295476, -0.64858556, -7.838011e-06, 0.7437762, -0.66850704, 0.8721148, -0.32719368, -0.36404377, 0.014413431, 0.014783621, 0.008240819)

[node name="Physical Bone mixamorig6_LeftUpLeg" parent="PlayerController/LeanAndRotationPoint/IKCharacterMesh/MixamoRacer/Skeleton3D/PhysicalBoneSimulator3D" index="10"]
transform = Transform3D(-0.51197493, -0.7066286, -0.48842397, -0.84424776, 0.30899966, 0.43791002, -0.15851684, 0.63654965, -0.7547695, 0.19135614, 0.8657266, -0.25316432)
joint_offset = Transform3D(1, 0, 0, 0, 1, 0, 0, 0, 1, -2.941827e-05, -9.076693e-06, 0.20450352)
body_offset = Transform3D(1.0000005, -8.791685e-06, 1.7940998e-05, 1.7911196e-05, -2.9206276e-06, -1.0000004, 8.940697e-06, 1.0000002, -2.8312206e-06, 2.5749207e-05, 0.2045036, 9.655952e-06)

[node name="Physical Bone mixamorig6_LeftLeg" parent="PlayerController/LeanAndRotationPoint/IKCharacterMesh/MixamoRacer/Skeleton3D/PhysicalBoneSimulator3D" index="11"]
transform = Transform3D(-0.9898315, 0.03239812, 0.13850734, 0.12981997, -0.1922605, 0.9727194, 0.05814375, 0.98080903, 0.18609951, 0.26425347, 0.5866119, -0.13514175)
joint_offset = Transform3D(1, 0, 0, 0, 1, 0, 0, 0, 1, -2.8191487e-06, 4.8500133e-05, 0.19490738)
body_offset = Transform3D(1.0000006, -1.7732382e-05, -3.6507845e-06, -3.5464764e-06, -6.2727835e-05, -1.0000002, 1.7721206e-05, 1, -6.275112e-05, 3.5315752e-06, 0.19490743, -3.6269426e-05)

[node name="Physical Bone mixamorig6_LeftFoot" parent="PlayerController/LeanAndRotationPoint/IKCharacterMesh/MixamoRacer/Skeleton3D/PhysicalBoneSimulator3D" index="12"]
transform = Transform3D(-0.99823403, -0.047273442, -0.035975955, -0.059405234, 0.7917556, 0.60794276, -0.00025538605, 0.60900617, -0.79316545, 0.24059832, 0.33765557, -0.09436152)
joint_offset = Transform3D(1, 0, 0, 0, 1, 0, 0, 0, 1, -0.00019385872, 0.00032319129, 0.09734358)
body_offset = Transform3D(1.0000006, 0.00015100837, -0.0002059862, -0.00020615757, 0.0011111386, -0.99999934, -0.00015075132, 0.9999994, 0.0011113546, 0.00021386147, 0.09734312, -0.00043140352)

[node name="Physical Bone mixamorig6_RightUpLeg" parent="PlayerController/LeanAndRotationPoint/IKCharacterMesh/MixamoRacer/Skeleton3D/PhysicalBoneSimulator3D" index="13"]
transform = Transform3D(-0.51901805, 0.7022004, 0.48737574, 0.840466, 0.3153967, 0.4406156, 0.15568373, 0.6383101, -0.75387186, -0.19122358, 0.8670745, -0.25443086)
joint_offset = Transform3D(1, 0, 0, 0, 1, 0, 0, 0, 1, 2.9652436e-05, -0.00012453251, 0.20483851)
body_offset = Transform3D(1.0000001, 4.2021275e-06, -2.1755695e-06, -2.3245811e-06, 1.23381615e-05, -1.0000001, -4.3213367e-06, 1.0000001, 1.2457371e-05, -2.9206276e-05, 0.20483854, 0.000121980906)

[node name="Physical Bone mixamorig6_RightLeg" parent="PlayerController/LeanAndRotationPoint/IKCharacterMesh/MixamoRacer/Skeleton3D/PhysicalBoneSimulator3D" index="14"]
transform = Transform3D(-0.9901886, -0.032747503, -0.13584736, -0.12746452, -0.18674828, 0.97410375, -0.057268724, 0.9818618, 0.18074183, -0.2641724, 0.58674735, -0.13608627)
joint_offset = Transform3D(1, 0, 0, 0, 1, 0, 0, 0, 1, 1.3056971e-05, 3.631688e-05, 0.19550113)
body_offset = Transform3D(1.0000004, 1.1399388e-05, 4.8577785e-06, 4.887581e-06, -0.0002889461, -1.0000002, -1.1395663e-05, 1.0000001, -0.000289117, -1.40070915e-05, 0.19550121, 2.0205975e-05)

[node name="Physical Bone mixamorig6_RightFoot" parent="PlayerController/LeanAndRotationPoint/IKCharacterMesh/MixamoRacer/Skeleton3D/PhysicalBoneSimulator3D" index="15"]
transform = Transform3D(-0.99822366, -0.046931, -0.03670703, -0.0595784, 0.7922648, 0.607262, 0.00058227876, 0.60837007, -0.79365325, -0.23410599, 0.33782238, -0.09370575)
joint_offset = Transform3D(1, 0, 0, 0, 1, 0, 0, 0, 1, 6.493016e-05, 0.0001159485, 0.097867526)
body_offset = Transform3D(1.0000002, 0.00012251735, -9.612739e-05, -9.613857e-05, 2.923177e-05, -1.0000001, -0.0001225248, 1.0000002, 2.9440736e-05, -5.5536628e-05, 0.09786755, -0.00011882186)

[node name="LeftArmTarget" parent="PlayerController/LeanAndRotationPoint/IKCharacterMesh/Targets" index="1"]
transform = Transform3D(0.3579994, -0.93358016, -0.016309597, 0.93356377, 0.35820627, -0.012218971, 0.01724959, -0.010851652, 0.9997927, 0.17065138, 0.54643035, 0.28627902)

[node name="RightArmTarget" parent="PlayerController/LeanAndRotationPoint/IKCharacterMesh/Targets" index="2"]
transform = Transform3D(0.89618826, -0.3793981, 0.2300072, 0.21667142, -0.078135364, -0.97311294, 0.38716853, 0.9219289, 0.012180731, -0.171, 0.546, 0.286)

[node name="ButtTarget" parent="PlayerController/LeanAndRotationPoint/IKCharacterMesh/Targets" index="3"]
transform = Transform3D(0.9972985, -0.047047753, -0.05641315, 0.011882788, 0.8611872, -0.50814825, 0.07248958, 0.5061051, 0.8594196, 8.562988e-08, 0.64300925, -0.23276967)

[node name="RightLegTarget" parent="PlayerController/LeanAndRotationPoint/IKCharacterMesh/Targets" index="5"]
transform = Transform3D(-0.9905654, -0.062187843, -0.12210242, -0.059539568, -0.60723275, 0.7922895, -0.1234152, 0.79208636, 0.59780204, -0.199, 0.29, -0.019)

[node name="DirectionalLight3D" type="DirectionalLight3D" parent="."]
transform = Transform3D(-0.8660254, -0.43301278, 0.25, 0, 0.49999997, 0.86602545, -0.50000006, 0.75, -0.43301266, 0, 0, 0)
light_color = Color(0.93662876, 0.78549045, 0.6625095, 1)
shadow_enabled = true

[node name="WorldEnvironment" type="WorldEnvironment" parent="."]
environment = SubResource("Environment_sc48v")

[node name="City Mesh" parent="." instance=ExtResource("1_114d3")]
transform = Transform3D(10, 0, 0, 0, 10, 0, 0, 0, 10, 17.684, -41.359, 31.205)

[node name="Ramp" type="Node3D" parent="."]
transform = Transform3D(1, 0, 0, 0, 1, 0, 0, 0, 1, 124.67141, 0.08500248, -5.494201)

[node name="CSGBox3DRAMP2" type="CSGBox3D" parent="Ramp"]
transform = Transform3D(-4.371139e-08, -0.25881904, 0.9659258, 0, 0.96592593, 0.25881907, -1.0000001, 1.13133405e-08, -4.2221963e-08, 0, 0.94429934, 0)
use_collision = true
size = Vector3(4, 0.1, 8.349)

[node name="CSGBox3DRAMP3" type="CSGBox3D" parent="Ramp"]
transform = Transform3D(-4.1906574e-08, -0.5228259, 0.8524394, -1.2430799e-08, 0.8524395, 0.5228259, -1.0000001, 1.13133405e-08, -4.2221966e-08, 5.1975117, 2.7701871, 0)
use_collision = true
size = Vector3(4, 0.1, 3.282)

[node name="Ramp2" type="Node3D" parent="."]
transform = Transform3D(1, 0, 0, 0, 1, 0, 0, 0, 1, 193.76974, 0.08500248, 269.42715)

[node name="CSGBox3D17" type="CSGBox3D" parent="Ramp2"]
transform = Transform3D(1, 0, 0, 0, 1, 0, 0, 0, 1, -57.032684, 1.3001173, -274.8331)
use_collision = true
collision_layer = 3
size = Vector3(8.967552, 2.7702394, 3.2959795)

[node name="CSGBox3DRAMP2" type="CSGBox3D" parent="Ramp2"]
transform = Transform3D(-4.371139e-08, -0.25881904, 0.9659258, 0, 0.96592593, 0.25881907, -1.0000001, 1.13133405e-08, -4.2221963e-08, 0, 0.94429934, 0)
use_collision = true
size = Vector3(4, 0.1, 8.349)

[node name="CSGBox3DRAMP3" type="CSGBox3D" parent="Ramp2"]
transform = Transform3D(-4.1906574e-08, -0.5228259, 0.8524394, -1.2430799e-08, 0.8524395, 0.5228259, -1.0000001, 1.13133405e-08, -4.2221966e-08, 5.1975117, 2.7701871, 0)
use_collision = true
size = Vector3(4, 0.1, 3.282)

[node name="CrashColliders" type="Node3D" parent="."]
visible = false

[node name="CSGBox3D" type="CSGBox3D" parent="CrashColliders"]
transform = Transform3D(1, 0, 0, 0, 1, 0, 0, 0, 1, 100.377884, 0.5, 24.806492)
use_collision = true
collision_layer = 3
size = Vector3(84.37645, 1, 39.758087)

[node name="CSGBox3D7" type="CSGBox3D" parent="CrashColliders"]
transform = Transform3D(1, 0, 0, 0, 1, 0, 0, 0, 1, 205.81018, 0.5, 23.942654)
use_collision = true
collision_layer = 3
size = Vector3(71.6136, 1, 38.03041)

[node name="CSGBox3D8" type="CSGBox3D" parent="CrashColliders"]
transform = Transform3D(1, 0, 0, 0, 1, 0, 0, 0, 1, 292.03314, 0.5, 23.094858)
use_collision = true
collision_layer = 3
size = Vector3(73.23018, 1, 35.728794)

[node name="CSGBox3D2" type="CSGBox3D" parent="CrashColliders"]
transform = Transform3D(1, 0, 0, 0, 1, 0, 0, 0, 1, 100.77937, 0.5, -43.01004)
use_collision = true
collision_layer = 3
size = Vector3(83.57348, 1, 40.288177)

[node name="CSGBox3D5" type="CSGBox3D" parent="CrashColliders"]
transform = Transform3D(1, 0, 0, 0, 1, 0, 0, 0, 1, 188.51074, 0.5, -55.853786)
use_collision = true
collision_layer = 3
size = Vector3(41.301468, 1, 69.6393)

[node name="CSGBox3D17" type="CSGBox3D" parent="CrashColliders"]
transform = Transform3D(1, 0, 0, 0, 1, 0, 0, 0, 1, 223.4282, 0.5, -72.79267)
use_collision = true
collision_layer = 3
size = Vector3(37.084587, 1, 31.893816)

[node name="CSGBox3D18" type="CSGBox3D" parent="CrashColliders"]
transform = Transform3D(1, 0, 0, 0, 1, 0, 0, 0, 1, 237.63278, 0.5, -36.499565)
use_collision = true
collision_layer = 3
size = Vector3(8.785659, 1, 31.013065)

[node name="gaspump1" type="CSGBox3D" parent="CrashColliders"]
transform = Transform3D(1, 0, 0, 0, 1, 0, 0, 0, 1, 222.65573, 0.5, -32.76452)
use_collision = true
collision_layer = 3
size = Vector3(4.150879, 1, 1)

[node name="gaspump2" type="CSGBox3D" parent="CrashColliders"]
transform = Transform3D(1, 0, 0, 0, 1, 0, 0, 0, 1, 222.65573, 0.5, -37.33491)
use_collision = true
collision_layer = 3
size = Vector3(4.150879, 1, 1)

[node name="gaspump3" type="CSGBox3D" parent="CrashColliders"]
transform = Transform3D(1, 0, 0, 0, 1, 0, 0, 0, 1, 222.65573, 0.5, -44.354774)
use_collision = true
collision_layer = 3
size = Vector3(4.150879, 1, 1)

[node name="gaspump4" type="CSGBox3D" parent="CrashColliders"]
transform = Transform3D(1, 0, 0, 0, 1, 0, 0, 0, 1, 222.65573, 0.5, -48.925167)
use_collision = true
collision_layer = 3
size = Vector3(4.150879, 1, 1)

[node name="gaspump5" type="CSGBox3D" parent="CrashColliders"]
transform = Transform3D(1, 0, 0, 0, 1, 0, 0, 0, 1, 215.23694, 0.5, -32.76452)
use_collision = true
collision_layer = 3
size = Vector3(4.150879, 1, 1)

[node name="gaspump6" type="CSGBox3D" parent="CrashColliders"]
transform = Transform3D(1, 0, 0, 0, 1, 0, 0, 0, 1, 215.23694, 0.5, -37.33491)
use_collision = true
collision_layer = 3
size = Vector3(4.150879, 1, 1)

[node name="gaspump7" type="CSGBox3D" parent="CrashColliders"]
transform = Transform3D(1, 0, 0, 0, 1, 0, 0, 0, 1, 215.23694, 0.5, -44.354774)
use_collision = true
collision_layer = 3
size = Vector3(4.150879, 1, 1)

[node name="gaspump8" type="CSGBox3D" parent="CrashColliders"]
transform = Transform3D(1, 0, 0, 0, 1, 0, 0, 0, 1, 215.23694, 0.5, -48.925167)
use_collision = true
collision_layer = 3
size = Vector3(4.150879, 1, 1)

[node name="CSGBox3D9" type="CSGBox3D" parent="CrashColliders"]
transform = Transform3D(1, 0, 0, 0, 1, 0, 0, 0, 1, 206.41069, 0.5, 87.29924)
use_collision = true
collision_layer = 3
size = Vector3(67.788734, 1, 58.357517)

[node name="CSGBox3D10" type="CSGBox3D" parent="CrashColliders"]
transform = Transform3D(1, 0, 0, 0, 1, 0, 0, 0, 1, 270.13724, 0.5, 86.650696)
use_collision = true
collision_layer = 3
size = Vector3(21.248087, 1, 57.92263)

[node name="CSGBox3D11" type="CSGBox3D" parent="CrashColliders"]
transform = Transform3D(1, 0, 0, 0, 1, 0, 0, 0, 1, 281.98154, 0.5, 148.53624)
use_collision = true
collision_layer = 3
size = Vector3(223.76868, 1, 34.95807)

[node name="CSGBox3D13" type="CSGBox3D" parent="CrashColliders"]
transform = Transform3D(1, 0, 0, 0, 1, 0, 0, 0, 1, -16.639923, 0.5, 148.53624)
use_collision = true
collision_layer = 3
size = Vector3(315.3703, 1, 34.95807)

[node name="CSGBox3D14" type="CSGBox3D" parent="CrashColliders"]
transform = Transform3D(1, 0, 0, 0, 1, 0, 0, 0, 1, -237.15387, 0.5, 148.53624)
use_collision = true
collision_layer = 3
size = Vector3(70.33847, 1, 34.95807)

[node name="CSGBox3D12" type="CSGBox3D" parent="CrashColliders"]
transform = Transform3D(1, 0, 0, 0, 1, 0, 0, 0, 1, 453.48645, 0.5, 148.53624)
use_collision = true
collision_layer = 3
size = Vector3(67.18106, 1, 34.95807)

[node name="CSGBox3D6" type="CSGBox3D" parent="CrashColliders"]
transform = Transform3D(1, 0, 0, 0, 1, 0, 0, 0, 1, 327.08206, 0.5, -55.92622)
use_collision = true
collision_layer = 3
size = Vector3(139.69312, 1, 69.30435)

[node name="CSGBox3D3" type="CSGBox3D" parent="CrashColliders"]
transform = Transform3D(1, 0, 0, 0, 1, 0, 0, 0, 1, 100.29118, 0.5, -98.89762)
use_collision = true
collision_layer = 3
size = Vector3(83.31464, 1, 41.103195)

[node name="CSGBox3D4" type="CSGBox3D" parent="CrashColliders"]
transform = Transform3D(1, 0, 0, 0, 1, 0, 0, 0, 1, 283.0649, 0.5, -116.02295)
use_collision = true
collision_layer = 3
size = Vector3(225.27196, 1, 19.685873)

[node name="CSGBox3D15" type="CSGBox3D" parent="CrashColliders"]
transform = Transform3D(1, 0, 0, 0, 1, 0, 0, 0, 1, 286.14645, 0.5, 212.34854)
use_collision = true
collision_layer = 3
size = Vector3(215.08203, 1, 68.31112)

[node name="CSGBox3D16" type="CSGBox3D" parent="CrashColliders"]
transform = Transform3D(1, 0, 0, 0, 1, 0, 0, 0, 1, -24.690594, 0.5, 212.34854)
use_collision = true
collision_layer = 3
size = Vector3(298.64545, 1, 68.31112)

[node name="LevelBorderCollider" type="CSGBox3D" parent="CrashColliders"]
transform = Transform3D(1, 0, 0, 0, 1, 0, 0, 0, 1, -272.41718, 0.5, 0)
use_collision = true
collision_layer = 3
size = Vector3(0.1, 100, 2000)

[node name="LevelBorderCollider4" type="CSGBox3D" parent="CrashColliders"]
transform = Transform3D(1, 0, 0, 0, 1, 0, 0, 0, 1, 483.96387, 0.5, 0)
use_collision = true
collision_layer = 3
size = Vector3(0.1, 100, 2000)

[node name="LevelBorderCollider2" type="CSGBox3D" parent="CrashColliders"]
transform = Transform3D(-4.371139e-08, 0, 1, 0, 1, 0, -1, 0, -4.371139e-08, 0, 0.5, 308.07608)
use_collision = true
collision_layer = 3
size = Vector3(0.1, 100, 2000)

[node name="LevelBorderCollider3" type="CSGBox3D" parent="CrashColliders"]
transform = Transform3D(-4.371139e-08, 0, 1, 0, 1, 0, -1, 0, -4.371139e-08, 0, 0.5, -187.84547)
use_collision = true
collision_layer = 3
size = Vector3(0.1, 100, 2000)

[node name="Colliders" type="Node3D" parent="."]
visible = false

[node name="FloorBounds" type="StaticBody3D" parent="Colliders"]
collision_layer = 5

[node name="CollisionShape3D" type="CollisionShape3D" parent="Colliders/FloorBounds"]
shape = SubResource("WorldBoundaryShape3D_114d3")

[node name="CSGBox3D15" type="CSGBox3D" parent="Colliders"]
transform = Transform3D(1, 0, 0, 0, 1, 0, 0, 0, 1, 324.928, 0.06, -8.506)
use_collision = true
collision_layer = 5
size = Vector3(143.837, 0.11, 2.154)

[node name="CSGBox3D16" type="CSGBox3D" parent="Colliders"]
transform = Transform3D(1, 0, 0, 0, 1, 0, 0, 0, 1, 206.563, 0.06, -8.506)
use_collision = true
collision_layer = 5
size = Vector3(76.211, 0.11, 2.154)

[node name="CSGBox3D18" type="CSGBox3D" parent="Colliders"]
transform = Transform3D(-4.371139e-08, 0, 1, 0, 1, 0, -1, 0, -4.371139e-08, 155.782, 0.06, -71.104)
use_collision = true
collision_layer = 5
size = Vector3(99.072, 0.11, 2.154)

[node name="CSGBox3D19" type="CSGBox3D" parent="Colliders"]
transform = Transform3D(-4.371139e-08, 0, 1, 0, 1, 0, -1, 0, -4.371139e-08, 155.782, 0.06, 126.425)
use_collision = true
collision_layer = 5
size = Vector3(244.319, 0.11, 2.154)

[node name="CSGBox3D17" type="CSGBox3D" parent="Colliders"]
transform = Transform3D(1, 0, 0, 0, 1, 0, 0, 0, 1, -15.354, 0.06, -8.506)
use_collision = true
collision_layer = 5
size = Vector3(315.751, 0.11, 2.154)

[node name="bridge2" type="CSGBox3D" parent="Colliders"]
transform = Transform3D(-0.9950555, 0.09931974, -8.742278e-08, 0.09931974, 0.9950555, 0, 8.699051e-08, -8.682807e-09, -1, 320.10132, 7.7677493, -151.53696)
use_collision = true
collision_layer = 5
size = Vector3(159.616, 0.1, 30)

[node name="bridge4" type="CSGBox3D" parent="Colliders"]
transform = Transform3D(0.9950556, -0.09931976, 1.7484555e-07, 0.09931976, 0.9950556, -2.3682798e-16, -1.7398102e-07, 1.7365618e-08, 1, -98.6071, 7.7677493, -151.53696)
use_collision = true
collision_layer = 5
size = Vector3(159.616, 0.1, 30)

[node name="bridge3" type="CSGBox3D" parent="Colliders"]
transform = Transform3D(-0.99999994, 0, 8.742278e-08, 0, 0.99999994, 0, -8.742277e-08, 0, -1, 110.747925, 15.693, -151.537)
use_collision = true
collision_layer = 5
size = Vector3(259.87, 0.1, 30)

[editable path="PlayerController"]
[editable path="PlayerController/LeanAndRotationPoint/IKCharacterMesh"]
[editable path="PlayerController/LeanAndRotationPoint/IKCharacterMesh/MixamoRacer"]
