[gd_scene load_steps=13 format=3 uid="uid://gi4cqw4ut5ay"]

[ext_resource type="PackedScene" uid="uid://b1q6osfsla2xu" path="res://assets/level/tracks/laguna_seca.glb" id="1_32v3e"]
[ext_resource type="ArrayOccluder3D" uid="uid://dkwpsptgimbyr" path="res://scenes/level/main_level.occ" id="2_mukp7"]
[ext_resource type="PackedScene" uid="uid://bdv4bgnhiss2w" path="res://scenes/level/main_menu.tscn" id="3_d6otc"]
[ext_resource type="PackedScene" uid="uid://bmqevs0vheol7" path="res://scenes/bike/player_controller.tscn" id="4_kougx"]
[ext_resource type="Script" uid="uid://biy8pd4m0fncl" path="res://scenes/bike/components/bike_state.gd" id="5_004ev"]
[ext_resource type="Script" uid="uid://d1bbnsiw21th1" path="res://scenes/bike/resources/bike_resource.gd" id="6_hlvfk"]
[ext_resource type="Resource" uid="uid://dsmxu0d7ltpt" path="res://scenes/bike/resources/sport_bike.tres" id="7_m1f6q"]
[ext_resource type="Shader" uid="uid://d3wh0vlxw230r" path="res://assets/materials/sky.gdshader" id="8_mh0v0"]

[sub_resource type="Resource" id="Resource_kjgp2"]
script = ExtResource("5_004ev")

[sub_resource type="ShaderMaterial" id="ShaderMaterial_ssgvn"]
shader = ExtResource("8_mh0v0")
shader_parameter/sky_color = Color(0.2754989, 0.31298247, 0.3754213, 1)
shader_parameter/star_base_color = Color(0.915, 1, 0.7, 1)
shader_parameter/star_hue_offset = 0.2350000111625
shader_parameter/star_intensity = 0.08
shader_parameter/star_twinkle_speed = 0.8
shader_parameter/star_twinkle_intensity = 0.2
shader_parameter/layer_scale = 20.0
shader_parameter/layer_scale_step = 10.0
shader_parameter/layers_count = 3

[sub_resource type="Sky" id="Sky_hv5hi"]
sky_material = SubResource("ShaderMaterial_ssgvn")

[sub_resource type="Environment" id="Environment_b13mo"]
background_mode = 2
sky = SubResource("Sky_hv5hi")
tonemap_mode = 2

[node name="TrackLevel" type="Node3D"]

[node name="Sketchfab_Scene" parent="." instance=ExtResource("1_32v3e")]
transform = Transform3D(68, 0, 0, 0, 68, 0, 0, 0, 68, 0, 0, 0)

[node name="OccluderInstance3D" type="OccluderInstance3D" parent="."]
occluder = ExtResource("2_mukp7")

[node name="MainMenu" parent="." instance=ExtResource("3_d6otc")]
unique_name_in_owner = true

[node name="PlayerController" parent="." instance=ExtResource("4_kougx")]
transform = Transform3D(1, 0, 0, 0, 1, 0, 0, 0, 1, 0, 74.62793, 0)
state = SubResource("Resource_kjgp2")
bike_resources = Array[ExtResource("6_hlvfk")]([ExtResource("7_m1f6q")])

[node name="Physical Bone mixamorig6_Hips" parent="PlayerController/LeanAndRotationPoint/IKCharacterMesh/MixamoRacer/Skeleton3D/PhysicalBoneSimulator3D" index="0"]
transform = Transform3D(1.0000001, 3.80589e-08, 1.4486022e-07, 1.2302014e-07, -0.76040053, -0.64945465, 8.543428e-08, 0.6494546, -0.7604004, -9.596264e-07, 1.0195847, -0.32073987)
joint_offset = Transform3D(1, 0, 0, 0, 1, 0, 0, 0, 1, 9.798947e-07, 6.457372e-05, 0.0512828)
body_offset = Transform3D(1.0000001, -1.0924396e-08, 7.389292e-08, 7.459971e-08, 0.09581956, -0.99539876, 3.793769e-09, 0.99539876, 0.09581971, -9.836835e-07, 0.05104065, -0.00497818)

[node name="Physical Bone mixamorig6_Spine" parent="PlayerController/LeanAndRotationPoint/IKCharacterMesh/MixamoRacer/Skeleton3D/PhysicalBoneSimulator3D" index="1"]
transform = Transform3D(1.0000001, -1.265445e-05, -7.7187815e-06, -1.46354505e-05, -0.7604017, -0.6494533, 2.3490986e-06, 0.6494533, -0.76040155, -2.9236899e-06, 1.0921402, -0.23590045)
joint_offset = Transform3D(1, 0, 0, 0, 1, 0, 0, 0, 1, 3.4094771e-06, 0.00013350896, 0.060073838)
body_offset = Transform3D(1.0000001, -1.2703435e-05, -7.789748e-06, -7.789749e-06, -2.9802322e-08, -1.0000002, 1.2703434e-05, 1.0000002, 8.940697e-08, -2.9398216e-06, 0.060073853, -0.0001335144)

[node name="Physical Bone mixamorig6_Spine1" parent="PlayerController/LeanAndRotationPoint/IKCharacterMesh/MixamoRacer/Skeleton3D/PhysicalBoneSimulator3D" index="2"]
transform = Transform3D(1.0000001, -1.265445e-05, -7.7187815e-06, -1.46354505e-05, -0.7604017, -0.6494533, 2.3490986e-06, 0.6494533, -0.76040155, -1.616412e-05, 1.1737671, -0.12365297)
joint_offset = Transform3D(1, 0, 0, 0, 1, 0, 0, 0, 1, 1.664627e-05, -0.010696416, 0.07846067)
body_offset = Transform3D(1.0000001, -1.2703435e-05, -7.789748e-06, -7.789749e-06, -2.9802322e-08, -1.0000002, 1.2703434e-05, 1.0000002, 8.940697e-08, -1.6170963e-05, 0.07846069, 0.010696411)

[node name="Physical Bone mixamorig6_Head" parent="PlayerController/LeanAndRotationPoint/IKCharacterMesh/MixamoRacer/Skeleton3D/PhysicalBoneSimulator3D" index="3"]
transform = Transform3D(-1.0000001, -7.0069106e-09, 3.707494e-07, -2.7055873e-07, 0.69750565, -0.7165794, -2.5357878e-07, -0.7165794, -0.6975056, 3.3846733e-05, 1.4400787, 0.16710058)
joint_offset = Transform3D(1, 0, 0, 0, 1, 0, 0, 0, 1, 3.3921937e-05, -0.0036854781, 0.14446408)
body_offset = Transform3D(-1.0000001, 2.9571737e-08, 3.0690137e-07, -2.7939666e-07, 0.33402464, -0.94256467, -1.3038581e-07, -0.9425647, -0.3340245, 3.3877714e-05, 0.13739777, 0.04478073)

[node name="Physical Bone mixamorig6_LeftShoulder" parent="PlayerController/LeanAndRotationPoint/IKCharacterMesh/MixamoRacer/Skeleton3D/PhysicalBoneSimulator3D" index="4"]
transform = Transform3D(-0.027138464, -0.26322466, -0.96435297, 0.7597465, -0.63238776, 0.15123272, -0.64965296, -0.7285594, 0.217146, 0.12538882, 1.2982178, 0.0023862927)
joint_offset = Transform3D(1, 0, 0, 0, 1, 0, 0, 0, 1, 0.001392372, -0.0011063644, 0.066084854)
body_offset = Transform3D(1.0000001, -2.0712614e-05, -4.61936e-07, -5.2154064e-07, 1.2218952e-06, -1.0000001, 2.0503998e-05, 1.0000002, 1.1175871e-06, -0.0013923645, 0.06608486, 0.0011062622)

[node name="Physical Bone mixamorig6_LeftArm" parent="PlayerController/LeanAndRotationPoint/IKCharacterMesh/MixamoRacer/Skeleton3D/PhysicalBoneSimulator3D" index="5"]
transform = Transform3D(0.9902826, 0.010221921, -0.13869452, 0.10892817, -0.6770272, 0.72785234, -0.086459905, -0.7358871, -0.6715615, 0.20732874, 1.190094, 0.079841174)
joint_offset = Transform3D(1, 0, 0, 0, 1, 0, 0, 0, 1, -4.945823e-06, -0.00046644168, 0.1370163)
body_offset = Transform3D(1.0004753, -0.00036649406, -4.1697174e-05, -4.191324e-05, -0.0004915595, -1.0004749, 0.0003665313, 1.0004752, -0.0004918575, 1.04904175e-05, 0.13708115, 0.0005340576)

[node name="Physical Bone mixamorig6_LeftHand" parent="PlayerController/LeanAndRotationPoint/IKCharacterMesh/MixamoRacer/Skeleton3D/PhysicalBoneSimulator3D" index="6"]
transform = Transform3D(-0.270956, 0.77793455, 0.56692237, 0.92724687, 0.052806567, 0.37070873, 0.25844985, 0.6261226, -0.7356455, 0.26141506, 0.9254761, 0.37880945)
joint_offset = Transform3D(1, 0, 0, 0, 1, 0, 0, 0, 1, 0.0008220095, 0.0005698637, 0.020824634)
body_offset = Transform3D(-0.4666568, 0.60874534, 0.6425326, 2.9057264e-06, 0.7263687, -0.68817073, -0.8851052, -0.3209449, -0.3387636, -0.013343811, 0.013916969, 0.007965088)

[node name="Physical Bone mixamorig6_RightShoulder" parent="PlayerController/LeanAndRotationPoint/IKCharacterMesh/MixamoRacer/Skeleton3D/PhysicalBoneSimulator3D" index="7"]
transform = Transform3D(-0.025580598, 0.2633654, 0.964357, -0.759666, -0.63218075, 0.15249726, 0.6498104, -0.7286881, 0.21624121, -0.12487921, 1.2982635, 0.0023197716)
joint_offset = Transform3D(1, 0, 0, 0, 1, 0, 0, 0, 1, -0.0011041855, -0.0012359705, 0.06560156)
body_offset = Transform3D(1.0000004, 0.0001552403, -0.00020317733, -0.00020308793, -2.488494e-06, -1.0000002, -0.00015518069, 1.0000004, -2.4735928e-06, 0.0011177063, 0.06560135, 0.0012359619)

[node name="Physical Bone mixamorig6_RightArm" parent="PlayerController/LeanAndRotationPoint/IKCharacterMesh/MixamoRacer/Skeleton3D/PhysicalBoneSimulator3D" index="8"]
transform = Transform3D(0.9897881, -0.056678947, 0.13079466, -0.13254455, -0.7035916, 0.698134, 0.052456502, -0.7083407, -0.7039189, -0.20598678, 1.1953735, 0.083550304)
joint_offset = Transform3D(1, 0, 0, 0, 1, 0, 0, 0, 1, -3.879295e-05, -7.8155375e-05, 0.13534829)
body_offset = Transform3D(0.99986666, -0.00018972531, -3.765151e-05, -3.7718564e-05, -1.4394522e-05, -0.99986637, 0.00018970296, 0.9998665, -1.4454126e-05, 4.386902e-05, 0.1353302, 8.010864e-05)

[node name="Physical Bone mixamorig6_RightHand" parent="PlayerController/LeanAndRotationPoint/IKCharacterMesh/MixamoRacer/Skeleton3D/PhysicalBoneSimulator3D" index="9"]
transform = Transform3D(-0.23805949, -0.8798416, -0.41134745, -0.82568365, -0.039686933, 0.56273603, -0.51144356, 0.4736074, -0.7170227, -0.25968534, 0.938591, 0.39695776)
joint_offset = Transform3D(1, 0, 0, 0, 1, 0, 0, 0, 1, -0.00010080077, 0.0001144018, 0.022184946)
body_offset = Transform3D(-0.4894455, -0.5829545, -0.64858615, -5.453825e-06, 0.743776, -0.6685074, 0.87211466, -0.3271955, -0.36404222, 0.014406204, 0.014745712, 0.008201599)

[node name="Physical Bone mixamorig6_LeftUpLeg" parent="PlayerController/LeanAndRotationPoint/IKCharacterMesh/MixamoRacer/Skeleton3D/PhysicalBoneSimulator3D" index="10"]
transform = Transform3D(-0.51197624, -0.70662796, -0.48842347, -0.84424704, 0.3090006, 0.43791083, -0.15851681, 0.6365498, -0.7547694, 0.19138224, 0.8657608, -0.2531756)
joint_offset = Transform3D(1, 0, 0, 0, 1, 0, 0, 0, 1, 1.5415424e-05, 4.430081e-06, 0.20449062)
body_offset = Transform3D(1.0000002, -9.000301e-06, 1.7888844e-05, 1.7933547e-05, -3.2186508e-06, -1.0000002, 9.067357e-06, 1.0000001, -3.0100346e-06, -1.9073486e-05, 0.20449066, -3.8146973e-06)

[node name="Physical Bone mixamorig6_LeftLeg" parent="PlayerController/LeanAndRotationPoint/IKCharacterMesh/MixamoRacer/Skeleton3D/PhysicalBoneSimulator3D" index="11"]
transform = Transform3D(-0.9898315, 0.032397375, 0.13850728, 0.12981975, -0.1922654, 0.9727184, 0.058143668, 0.980808, 0.18610449, 0.26428527, 0.58657837, -0.13510509)
joint_offset = Transform3D(1, 0, 0, 0, 1, 0, 0, 0, 1, 3.1200416e-05, 3.5560442e-06, 0.19493099)
body_offset = Transform3D(1.0000004, -1.7743558e-05, -3.5027042e-06, -3.4775585e-06, -5.7280064e-05, -1.0000002, 1.7754734e-05, 1, -5.738437e-05, -3.0517578e-05, 0.19493103, 7.6293945e-06)

[node name="Physical Bone mixamorig6_LeftFoot" parent="PlayerController/LeanAndRotationPoint/IKCharacterMesh/MixamoRacer/Skeleton3D/PhysicalBoneSimulator3D" index="12"]
transform = Transform3D(-0.99823403, -0.047273003, -0.03597757, -0.05940587, 0.7917555, 0.6079429, -0.00025384524, 0.60900635, -0.7931653, 0.2405986, 0.33766937, -0.094017476)
joint_offset = Transform3D(1, 0, 0, 0, 1, 0, 0, 0, 1, -0.0001927331, 0.00010127414, 0.097606875)
body_offset = Transform3D(1.0000004, 0.00015059393, -0.00020440643, -0.00020453508, 0.0011114478, -0.9999994, -0.00015032629, 0.9999994, 0.0011116564, 0.00021266937, 0.09760666, -0.00020980835)

[node name="Physical Bone mixamorig6_RightUpLeg" parent="PlayerController/LeanAndRotationPoint/IKCharacterMesh/MixamoRacer/Skeleton3D/PhysicalBoneSimulator3D" index="13"]
transform = Transform3D(-0.51901263, 0.7022036, 0.4873769, 0.8404694, 0.3153933, 0.4406116, 0.1556836, 0.6383082, -0.7538736, -0.19128437, 0.8670883, -0.25440827)
joint_offset = Transform3D(1, 0, 0, 0, 1, 0, 0, 0, 1, -1.490731e-05, -9.982712e-05, 0.20487976)
body_offset = Transform3D(1.0000001, 3.8966537e-06, -1.7136335e-06, -1.8253922e-06, 1.2516975e-05, -1, -3.97861e-06, 0.99999994, 1.2457371e-05, 1.5258789e-05, 0.20487976, 9.727478e-05)

[node name="Physical Bone mixamorig6_RightLeg" parent="PlayerController/LeanAndRotationPoint/IKCharacterMesh/MixamoRacer/Skeleton3D/PhysicalBoneSimulator3D" index="14"]
transform = Transform3D(-0.9901883, -0.032727975, -0.13585408, -0.12746619, -0.18689342, 0.9740757, -0.05726975, 0.9818349, 0.18088792, -0.26417553, 0.5867157, -0.13606559)
joint_offset = Transform3D(1, 0, 0, 0, 1, 0, 0, 0, 1, 7.541304e-06, -1.7957558e-05, 0.1955261)
body_offset = Transform3D(1.0000002, 1.1172146e-05, 5.3290278e-06, 5.208887e-06, -0.00014221668, -1.0000001, -1.1164695e-05, 0.99999994, -0.00014227629, -8.583069e-06, 0.19552612, 4.5776367e-05)

[node name="Physical Bone mixamorig6_RightFoot" parent="PlayerController/LeanAndRotationPoint/IKCharacterMesh/MixamoRacer/Skeleton3D/PhysicalBoneSimulator3D" index="15"]
transform = Transform3D(-0.99822354, -0.046942472, -0.036694244, -0.059579726, 0.79226226, 0.60726523, 0.0005649318, 0.60837257, -0.7936514, -0.23411071, 0.33782196, -0.093697496)
joint_offset = Transform3D(1, 0, 0, 0, 1, 0, 0, 0, 1, 6.120353e-05, 0.00011507846, 0.09787749)
body_offset = Transform3D(1.0000002, 0.00013422011, -0.00010905723, -0.000109111774, 3.2424927e-05, -1.0000001, -0.00013413274, 1.0000002, 3.2544136e-05, -5.054474e-05, 0.0978775, -0.000118255615)

[node name="LeftArmTarget" parent="PlayerController/LeanAndRotationPoint/IKCharacterMesh/Targets" index="1"]
transform = Transform3D(0.3579994, -0.93358016, -0.016309597, 0.93356377, 0.35820627, -0.012218971, 0.01724959, -0.010851652, 0.9997927, 0.17065138, 0.54643035, 0.28627902)

[node name="RightArmTarget" parent="PlayerController/LeanAndRotationPoint/IKCharacterMesh/Targets" index="2"]
transform = Transform3D(0.8961883, -0.3793981, 0.2300072, 0.21667144, -0.078135364, -0.97311294, 0.3871686, 0.9219289, 0.012180731, -0.171, 0.546, 0.286)

[node name="ButtTarget" parent="PlayerController/LeanAndRotationPoint/IKCharacterMesh/Targets" index="3"]
transform = Transform3D(0.9972987, -0.047047753, -0.05641315, 0.01188279, 0.8611872, -0.50814825, 0.0724896, 0.5061051, 0.8594196, 8.562988e-08, 0.64300925, -0.23276967)

[node name="LeftLegTarget" parent="PlayerController/LeanAndRotationPoint/IKCharacterMesh/Targets" index="4"]
transform = Transform3D(-0.9942024, -0.03528861, -0.101570226, -0.059410848, -0.6070492, 0.7924391, -0.08962238, 0.7938791, 0.6014333, 0.19855502, 0.28965372, -0.018588275)

[node name="RightLegTarget" parent="PlayerController/LeanAndRotationPoint/IKCharacterMesh/Targets" index="5"]
transform = Transform3D(-0.9905656, -0.062187843, -0.12210242, -0.059539575, -0.60723275, 0.7922895, -0.123415224, 0.79208636, 0.59780204, -0.199, 0.29, -0.019)

[node name="EngineSound" parent="PlayerController/Sounds" index="0"]
volume_db = -25.0

[node name="DirectionalLight3D" type="DirectionalLight3D" parent="."]
transform = Transform3D(-0.8660254, -0.43301278, 0.25, 0, 0.49999997, 0.86602545, -0.50000006, 0.75, -0.43301266, 0, 0, 0)
light_color = Color(0.93662876, 0.78549045, 0.6625095, 1)
shadow_enabled = true

[node name="WorldEnvironment" type="WorldEnvironment" parent="."]
environment = SubResource("Environment_b13mo")

[editable path="PlayerController"]
[editable path="PlayerController/LeanAndRotationPoint/IKCharacterMesh"]
[editable path="PlayerController/LeanAndRotationPoint/IKCharacterMesh/MixamoRacer"]
