[gd_scene load_steps=20 format=3 uid="uid://gobjlpuvfmm8"]

[ext_resource type="Script" uid="uid://cnhikt5heakgg" path="res://scenes/character/ik_character_mesh.gd" id="1_b7r8g"]
[ext_resource type="PackedScene" uid="uid://dxgxjvo8bvmo1" path="res://assets/characters/Mixamo/MixamoRacer.fbx" id="2_034on"]
[ext_resource type="Script" uid="uid://dhlwot1rrwitp" path="res://scenes/character/ik_start_script.gd" id="3_hiykm"]

[sub_resource type="CapsuleShape3D" id="CapsuleShape3D_b7r8g"]
radius = 0.077
height = 0.308

[sub_resource type="CapsuleShape3D" id="CapsuleShape3D_034on"]
radius = 0.06542969
height = 0.285

[sub_resource type="CapsuleShape3D" id="CapsuleShape3D_hiykm"]
radius = 0.091
height = 0.322

[sub_resource type="CapsuleShape3D" id="CapsuleShape3D_woqte"]
radius = 0.103027344
height = 0.26586702

[sub_resource type="CapsuleShape3D" id="CapsuleShape3D_e5ujh"]
radius = 0.033
height = 0.114

[sub_resource type="CapsuleShape3D" id="CapsuleShape3D_p3nop"]
radius = 0.046875
height = 0.3878435

[sub_resource type="CapsuleShape3D" id="CapsuleShape3D_h3svh"]
radius = 0.024414063
height = 0.16047266

[sub_resource type="CapsuleShape3D" id="CapsuleShape3D_esgp4"]
radius = 0.033
height = 0.114

[sub_resource type="CapsuleShape3D" id="CapsuleShape3D_auk71"]
radius = 0.047
height = 0.388

[sub_resource type="CapsuleShape3D" id="CapsuleShape3D_sd2q1"]
radius = 0.024
height = 0.16

[sub_resource type="CapsuleShape3D" id="CapsuleShape3D_4vdrn"]
radius = 0.06201172
height = 0.4089964

[sub_resource type="CapsuleShape3D" id="CapsuleShape3D_q32ye"]
radius = 0.03897267
height = 0.30543947

[sub_resource type="CapsuleShape3D" id="CapsuleShape3D_j3waw"]
radius = 0.03515625
height = 0.19419166

[sub_resource type="CapsuleShape3D" id="CapsuleShape3D_b3evu"]
radius = 0.062
height = 0.40883383

[sub_resource type="CapsuleShape3D" id="CapsuleShape3D_3q7gx"]
radius = 0.03899549
height = 0.30134615

[sub_resource type="CapsuleShape3D" id="CapsuleShape3D_8nl3w"]
radius = 0.037109375
height = 0.19560009

[node name="IKCharacterMesh" type="Node3D" node_paths=PackedStringArray("skel", "head_target", "left_arm_target", "right_arm_target", "butt_target", "left_leg_target", "right_leg_target")]
script = ExtResource("1_b7r8g")
skel = NodePath("MixamoRacer/Skeleton3D")
head_target = NodePath("Targets/HeadTarget")
left_arm_target = NodePath("Targets/LeftArmTarget")
right_arm_target = NodePath("Targets/RightArmTarget")
butt_target = NodePath("Targets/ButtTarget")
left_leg_target = NodePath("Targets/LeftLegTarget")
right_leg_target = NodePath("Targets/RightLegTarget")

[node name="MixamoRacer" parent="." instance=ExtResource("2_034on")]

[node name="Skeleton3D" parent="MixamoRacer" index="0"]
bones/0/position = Vector3(0, 0.8325197, 0)
bones/1/rotation = Quaternion(-0.047964085, 0, 0, 0.9988491)
bones/3/rotation = Quaternion(0, 0, 0, 1)
bones/4/rotation = Quaternion(0.047964077, 0, 0, 0.9988491)
bones/7/rotation = Quaternion(-0.5541937, -0.43477345, 0.56968266, -0.42344198)
bones/8/position = Vector3(0, 0.13107654, 0)
bones/8/rotation = Quaternion(-0.11095855, 0.002315576, -0.020735394, 0.9936061)
bones/8/scale = Vector3(0.998976, 0.99897593, 0.9989761)
bones/9/position = Vector3(-6.854534e-07, 0.27073437, -1.1920929e-07)
bones/9/rotation = Quaternion(-0.02740118, -0.0016615825, 0.06050513, 0.99779034)
bones/9/scale = Vector3(0.99993336, 0.99993336, 0.9999333)
bones/10/position = Vector3(4.2915344e-06, 0.25568256, 8.702278e-06)
bones/10/rotation = Quaternion(0.048652954, 0.037280627, -0.021908293, 0.9978794)
bones/10/scale = Vector3(0.9999003, 0.9998994, 0.9998885)
bones/11/rotation = Quaternion(0.1638815, 0.054633725, 0.31150725, 0.93440956)
bones/12/rotation = Quaternion(0.071573004, 8.881784e-16, 1.0222908e-15, 0.9974354)
bones/13/rotation = Quaternion(-0.08987837, -1.7763568e-15, 5.4261396e-16, 0.9959528)
bones/15/rotation = Quaternion(0.062911116, 0.00694192, 0.10945928, 0.9919742)
bones/16/rotation = Quaternion(0.015924446, 2.220446e-15, -2.3223166e-15, 0.9998732)
bones/17/rotation = Quaternion(0.020319276, 0, 3.637599e-15, 0.9997935)
bones/19/rotation = Quaternion(0.06380391, 0.0018547818, 0.028998496, 0.99753934)
bones/20/rotation = Quaternion(0.033782784, -1.110223e-15, -7.489856e-16, 0.9994292)
bones/21/rotation = Quaternion(-0.06285299, -6.661338e-16, -5.553292e-16, 0.9980228)
bones/23/rotation = Quaternion(0.042759866, -0.0013746158, -0.03210132, 0.9985686)
bones/24/rotation = Quaternion(0.019452063, 1.3877788e-17, 5.478609e-18, 0.9998108)
bones/25/rotation = Quaternion(-0.12952833, -7.2164497e-16, 1.3103891e-16, 0.9915757)
bones/27/rotation = Quaternion(0.09597879, -0.006919314, -0.071571805, 0.99278283)
bones/28/rotation = Quaternion(0.0030722788, -8.326673e-17, -5.8633984e-15, 0.9999953)
bones/29/rotation = Quaternion(0.07989849, 3.552714e-15, -2.2919461e-14, 0.99680305)
bones/31/rotation = Quaternion(0.5546226, -0.43444243, 0.5693221, 0.42370507)
bones/32/position = Vector3(1.4901161e-08, 0.1310769, -2.3841858e-07)
bones/32/rotation = Quaternion(-0.110965535, -0.0023282522, 0.020847548, 0.9936029)
bones/32/scale = Vector3(1.0000043, 1.0000042, 1.0000043)
bones/33/position = Vector3(8.940697e-08, 0.2706958, -1.6391277e-07)
bones/33/rotation = Quaternion(-0.02754232, 0.0016297951, -0.059048314, 0.9978738)
bones/33/scale = Vector3(1.0000814, 1.0000815, 1.0000823)
bones/34/position = Vector3(3.963709e-06, 0.25564134, 2.682209e-07)
bones/34/rotation = Quaternion(0.050639555, -0.036451582, 0.020205904, 0.997847)
bones/34/scale = Vector3(0.9998184, 0.9998194, 0.9998207)
bones/35/rotation = Quaternion(0.17726876, -0.058847584, -0.30951685, 0.9323691)
bones/36/rotation = Quaternion(0.031477865, -5.3290705e-15, 1.16839776e-14, 0.99950445)
bones/37/rotation = Quaternion(-0.033537846, -6.661338e-16, 5.065257e-18, 0.99943745)
bones/39/rotation = Quaternion(0.0566872, -0.006509999, -0.11390498, 0.9918518)
bones/40/rotation = Quaternion(0.021986656, -2.220446e-15, -4.767531e-15, 0.9997583)
bones/41/rotation = Quaternion(0.01624182, 0, 2.2956346e-15, 0.9998681)
bones/43/rotation = Quaternion(0.05106309, -0.001223631, -0.023924982, 0.9984081)
bones/44/rotation = Quaternion(0.041802116, -4.9960036e-16, 5.569593e-16, 0.9991259)
bones/45/rotation = Quaternion(-0.0149336895, -7.2164507e-16, -3.182553e-16, 0.99988854)
bones/47/rotation = Quaternion(0.04454621, 0.0019444951, 0.043566294, 0.99805504)
bones/48/rotation = Quaternion(-0.0013483455, -5.7245875e-16, 1.8322e-16, 0.9999991)
bones/49/rotation = Quaternion(-0.01844937, -2.5812687e-15, 5.8235214e-16, 0.9998298)
bones/51/rotation = Quaternion(0.053609587, 0.0034428542, 0.0639963, 0.9965033)
bones/52/rotation = Quaternion(0.05604649, -5.3290714e-15, -2.9255034e-14, 0.9984282)
bones/53/rotation = Quaternion(0.07569756, 0, 1.458091e-14, 0.9971309)
bones/55/rotation = Quaternion(-0.0015928089, -0.038820833, 0.9984049, -0.040964298)
bones/56/rotation = Quaternion(0.006746198, -6.184279e-05, -0.009166486, 0.9999353)
bones/57/rotation = Quaternion(0.46621582, -0.07153971, 0.03785975, 0.8809606)
bones/60/rotation = Quaternion(0.0014844314, -0.036164977, 0.998504, 0.0409847)
bones/61/rotation = Quaternion(-0.00020400572, -1.8778265e-06, 0.0092043895, 0.9999576)
bones/62/rotation = Quaternion(0.47244653, 0.0699769, -0.03766405, 0.87776935)
bones/63/rotation = Quaternion(0.31227186, 0.06305582, -0.020777857, 0.94767004)

[node name="LeftArmIK" type="SkeletonIK3D" parent="MixamoRacer/Skeleton3D" index="1"]
unique_name_in_owner = true
root_bone = &"mixamorig6_LeftArm"
tip_bone = &"mixamorig6_LeftHand"
target = Transform3D(0.02765167, -0.9962736, 0.08169474, 0.15483421, -0.076470934, -0.98497635, 0.9875532, 0.039885417, 0.15214273, -0.18084005, 0.18939535, -0.34834242)
use_magnet = true
target_node = NodePath("../../../Targets/LeftArmTarget")
script = ExtResource("3_hiykm")

[node name="RightArmIK" type="SkeletonIK3D" parent="MixamoRacer/Skeleton3D" index="2"]
unique_name_in_owner = true
root_bone = &"mixamorig6_RightArm"
tip_bone = &"mixamorig6_RightHand"
target = Transform3D(-0.048892476, 0.9259691, -0.374421, -0.52059925, -0.34354672, -0.7816345, -0.8524003, 0.15670711, 0.4988557, 0.30723536, 0.60162836, 0.86473644)
use_magnet = true
target_node = NodePath("../../../Targets/RightArmTarget")
script = ExtResource("3_hiykm")

[node name="LeftLegIK" type="SkeletonIK3D" parent="MixamoRacer/Skeleton3D" index="3"]
unique_name_in_owner = true
root_bone = &"mixamorig6_LeftUpLeg"
tip_bone = &"mixamorig6_LeftFoot"
target = Transform3D(-0.9982336, 0.03612911, -0.047162842, -0.059410855, -0.60704976, 0.7924393, -6.939984e-08, 0.7938415, 0.60812396, 0.2, 0.04, 0)
use_magnet = true
magnet = Vector3(0.1, 0, 1)
target_node = NodePath("../../../Targets/LeftLegTarget")
script = ExtResource("3_hiykm")

[node name="RightLegIK" type="SkeletonIK3D" parent="MixamoRacer/Skeleton3D" index="4"]
unique_name_in_owner = true
root_bone = &"mixamorig6_RightUpLeg"
tip_bone = &"mixamorig6_RightFoot"
target = Transform3D(-0.9982256, 0.036801673, -0.046809737, -0.05953972, -0.60723305, 0.7922895, 0.0007331595, 0.7936708, 0.60834676, -0.2, 0, 0)
use_magnet = true
magnet = Vector3(-0.1, 0, 1)
target_node = NodePath("../../../Targets/RightLegTarget")
script = ExtResource("3_hiykm")

[node name="HeadIK" type="SkeletonIK3D" parent="MixamoRacer/Skeleton3D" index="5"]
unique_name_in_owner = true
root_bone = &"mixamorig6_Neck"
tip_bone = &"mixamorig6_Head"
target = Transform3D(1, 0, 0, 0, 0.92230207, -0.38646945, 0, 0.38646945, 0.92230207, 0, 2.0420756, 0.52922785)
target_node = NodePath("../../../Targets/HeadTarget")
script = ExtResource("3_hiykm")

[node name="PhysicalBoneSimulator3D" type="PhysicalBoneSimulator3D" parent="MixamoRacer/Skeleton3D" index="6"]
unique_name_in_owner = true

[node name="Physical Bone mixamorig6_Hips" type="PhysicalBone3D" parent="MixamoRacer/Skeleton3D/PhysicalBoneSimulator3D"]
transform = Transform3D(1, 0, 0, 0, 0.09581822, -0.9953989, 0, 0.9953989, 0.09581822, 0, 0.88370293, -0.004926948)
collision_layer = 4
collision_mask = 4
joint_type = 2
joint_offset = Transform3D(1, 0, 0, 0, 1, 0, 0, 0, 1, 0, -6.9849193e-09, 0.051419813)
body_offset = Transform3D(1, 0, 0, 0, 0.09581822, -0.9953989, 0, 0.9953989, 0.09581822, 0, 0.051183224, -0.004926948)
mass = 8.4
bone_name = "mixamorig6_Hips"
joint_constraints/swing_span = 19.999996
joint_constraints/twist_span = 19.999996
joint_constraints/bias = 0.3
joint_constraints/softness = 0.8
joint_constraints/relaxation = 1.0

[node name="CollisionShape3D" type="CollisionShape3D" parent="MixamoRacer/Skeleton3D/PhysicalBoneSimulator3D/Physical Bone mixamorig6_Hips"]
transform = Transform3D(-4.371139e-08, -0.9953989, -0.09581822, 0.09581822, -0.0953774, 0.99082184, -0.9953989, -0.009181094, 0.09537753, 0, -6.7055225e-08, 0.03100568)
shape = SubResource("CapsuleShape3D_b7r8g")

[node name="Physical Bone mixamorig6_Spine" type="PhysicalBone3D" parent="MixamoRacer/Skeleton3D/PhysicalBoneSimulator3D"]
transform = Transform3D(1, 4.619364e-07, 4.0372828e-07, 3.576094e-07, 0.0958169, -0.995399, -4.98495e-07, 0.995399, 0.0958169, 1.4901161e-08, 0.9946043, -0.0156015)
collision_layer = 4
collision_mask = 4
joint_type = 2
joint_offset = Transform3D(1, 0, 0, 0, 1, 0, 0, 0, 1, -3.912212e-08, -8.1152217e-07, 0.059994154)
body_offset = Transform3D(1, 4.619364e-07, 4.0372825e-07, 4.0372873e-07, -8.7171793e-07, -1.0000001, -4.619361e-07, 1.0000002, -8.791685e-07, 1.4901161e-08, 0.05999416, 8.6426735e-07)
mass = 7.2
bone_name = "mixamorig6_Spine"
joint_constraints/swing_span = 19.999996
joint_constraints/twist_span = 19.999996
joint_constraints/bias = 0.3
joint_constraints/softness = 0.8
joint_constraints/relaxation = 1.0

[node name="CollisionShape3D" type="CollisionShape3D" parent="MixamoRacer/Skeleton3D/PhysicalBoneSimulator3D/Physical Bone mixamorig6_Spine"]
transform = Transform3D(-4.3711513e-08, -0.99539894, -0.09581757, 0.09581639, -0.09537663, 0.9908206, -0.99539906, -0.0091808485, 0.09537573, 1.66105e-08, 0.004450582, -0.046235085)
shape = SubResource("CapsuleShape3D_034on")

[node name="Physical Bone mixamorig6_Spine1" type="PhysicalBone3D" parent="MixamoRacer/Skeleton3D/PhysicalBoneSimulator3D"]
transform = Transform3D(-1.107894e-07, -0.09458456, 0.99551684, 1, 2.3428794e-07, 1.3354814e-07, -2.4586916e-07, 0.9955169, 0.09458456, 3.874302e-07, 1.1225501, -0.027918028)
collision_layer = 4
collision_mask = 4
joint_type = 3
joint_offset = Transform3D(1, 0, 0, 0, 1, 0, 0, 0, 1, -0.068236634, 0.006538585, 0.00062083756)
body_offset = Transform3D(-1.107894e-07, -0.09458456, 0.99551684, 0.99539906, -0.09538797, -0.009062748, 0.09581752, 0.9909365, 0.094149396, 3.874302e-07, 0.06855202, 4.917383e-07)
mass = 9.6
bone_name = "mixamorig6_Spine1"
joint_constraints/angular_limit_enabled = true
joint_constraints/angular_limit_upper = 30.0
joint_constraints/angular_limit_lower = -30.0
joint_constraints/angular_limit_bias = 0.3
joint_constraints/angular_limit_softness = 0.9
joint_constraints/angular_limit_relaxation = 1.0

[node name="CollisionShape3D" type="CollisionShape3D" parent="MixamoRacer/Skeleton3D/PhysicalBoneSimulator3D/Physical Bone mixamorig6_Spine1"]
transform = Transform3D(0.99999654, 3.6784954e-07, -1.0068871e-07, 1.0068932e-07, -8.7171793e-07, 0.9999941, 3.6784854e-07, -0.9999989, -8.791685e-07, 0.10786021, 8.195639e-08, 0.008107437)
shape = SubResource("CapsuleShape3D_hiykm")

[node name="Physical Bone mixamorig6_Head" type="PhysicalBone3D" parent="MixamoRacer/Skeleton3D/PhysicalBoneSimulator3D"]
transform = Transform3D(-1, 4.491875e-08, 1.4094438e-07, -1.17848295e-07, 0.33399174, -0.94257605, -8.941358e-08, -0.94257605, -0.33399174, -4.6007335e-07, 1.5484792, 0.008107886)
collision_layer = 4
collision_mask = 4
joint_type = 2
joint_offset = Transform3D(1, 0, 0, 0, 1, 0, 0, 0, 1, -4.3654478e-07, -0.014156137, 0.1714466)
body_offset = Transform3D(-1, 4.4918746e-08, 1.4094437e-07, -1.17848316e-07, 0.33399177, -0.9425761, -8.94136e-08, -0.94257617, -0.33399177, -4.6007335e-07, 0.1663295, 0.043918513)
mass = 4.8
bone_name = "mixamorig6_Head"
joint_constraints/swing_span = 45.0
joint_constraints/twist_span = 90.0
joint_constraints/bias = 0.3
joint_constraints/softness = 0.8
joint_constraints/relaxation = 1.0

[node name="CollisionShape3D" type="CollisionShape3D" parent="MixamoRacer/Skeleton3D/PhysicalBoneSimulator3D/Physical Bone mixamorig6_Head"]
transform = Transform3D(1, 1.9078072e-12, 5.968559e-13, -6.82121e-13, -2.3841858e-07, 0.9999996, 1.8545165e-12, -0.9999996, -8.940697e-08, 4.5006345e-09, -0.012734115, 0.03593445)
shape = SubResource("CapsuleShape3D_woqte")

[node name="Physical Bone mixamorig6_LeftShoulder" type="PhysicalBone3D" parent="MixamoRacer/Skeleton3D/PhysicalBoneSimulator3D"]
transform = Transform3D(-0.027132489, -0.26322633, -0.9643525, -0.09633769, -0.9595287, 0.26462013, -0.9949789, 0.10008329, 0.0006757818, 0.12510997, 1.3091214, -0.04935651)
collision_layer = 4
collision_mask = 4
joint_type = 2
joint_offset = Transform3D(1, 0, 0, 0, 1, 0, 0, 0, 1, -2.1229182e-07, -1.5615311e-05, 0.065537184)
body_offset = Transform3D(1.0000001, -1.2665987e-07, 5.6053977e-08, 4.1443855e-08, 1.327644e-07, -1, 5.2154064e-08, 1.0000001, -1.6836566e-08, 2.0861626e-07, 0.065537184, 1.5616417e-05)
mass = 0.9
bone_name = "mixamorig6_LeftShoulder"
joint_constraints/swing_span = 39.999992
joint_constraints/twist_span = 30.0
joint_constraints/bias = 0.3
joint_constraints/softness = 0.8
joint_constraints/relaxation = 1.0

[node name="CollisionShape3D" type="CollisionShape3D" parent="MixamoRacer/Skeleton3D/PhysicalBoneSimulator3D/Physical Bone mixamorig6_LeftShoulder"]
transform = Transform3D(0.99970716, 0.024048923, -0.0027504936, -0.0030749887, 0.23888503, 0.971043, 0.024009569, -0.97074986, 0.23888882, -0.0032012537, -0.031392574, -0.06404574)
shape = SubResource("CapsuleShape3D_e5ujh")

[node name="Physical Bone mixamorig6_LeftArm" type="PhysicalBone3D" parent="MixamoRacer/Skeleton3D/PhysicalBoneSimulator3D"]
transform = Transform3D(-0.23703665, -0.97053623, -0.04327912, -0.40128225, 0.057240907, 0.9141642, -0.8847521, 0.23405753, -0.40302715, 0.32310677, 1.2850097, -0.057952035)
collision_layer = 4
collision_mask = 4
joint_type = 3
joint_offset = Transform3D(1, 0, 0, 0, 1, 0, 0, 0, 1, 0.021663427, 0.13320771, 0.008589072)
body_offset = Transform3D(0.9306284, -0.17237012, 0.3259918, -0.16037413, -0.98604906, -0.063549675, 0.33205754, 0.006853398, -0.94432086, 4.61936e-07, 0.13536942, 4.4107437e-06)
mass = 2.0
bone_name = "mixamorig6_LeftArm"
joint_constraints/angular_limit_enabled = true
joint_constraints/angular_limit_upper = 19.999996
joint_constraints/angular_limit_lower = -120.0
joint_constraints/angular_limit_bias = 0.3
joint_constraints/angular_limit_softness = 0.9
joint_constraints/angular_limit_relaxation = 1.0

[node name="CollisionShape3D" type="CollisionShape3D" parent="MixamoRacer/Skeleton3D/PhysicalBoneSimulator3D/Physical Bone mixamorig6_LeftArm"]
transform = Transform3D(0.70079124, 0.22705354, -0.6762377, -0.18851867, 0.9732243, 0.1313959, 0.6879779, 0.035402477, 0.72484267, -0.03656721, -0.14776877, -0.0071014166)
shape = SubResource("CapsuleShape3D_p3nop")

[node name="Physical Bone mixamorig6_LeftHand" type="PhysicalBone3D" parent="MixamoRacer/Skeleton3D/PhysicalBoneSimulator3D"]
transform = Transform3D(0.068819344, 0.7580573, -0.64854693, 0.8881918, 0.2494737, 0.38584736, 0.45428982, -0.6025878, -0.6561316, 0.7266248, 1.27419, -0.039662644)
collision_layer = 4
collision_mask = 4
joint_type = 2
joint_offset = Transform3D(1, 0, 0, 0, 1, 0, 0, 0, 1, -1.9870233e-05, -0.00031030783, 0.020773228)
body_offset = Transform3D(-0.46695852, 0.60905373, 0.64295274, 1.8822029e-06, 0.72685266, -0.6885288, -0.88563704, -0.32113397, -0.339011, -0.01317649, 0.014528513, 0.006925106)
mass = 0.6
bone_name = "mixamorig6_LeftHand"
joint_constraints/swing_span = 45.0
joint_constraints/twist_span = 180.0
joint_constraints/bias = 0.3
joint_constraints/softness = 0.8
joint_constraints/relaxation = 1.0

[node name="CollisionShape3D" type="CollisionShape3D" parent="MixamoRacer/Skeleton3D/PhysicalBoneSimulator3D/Physical Bone mixamorig6_LeftHand"]
transform = Transform3D(0.9667535, -0.16657716, -0.19402075, 0.25569856, 0.6393836, 0.725127, 0.0032640994, -0.75062877, 0.66071934, -0.0068382025, 0.032626092, -0.008408848)
shape = SubResource("CapsuleShape3D_h3svh")

[node name="Physical Bone mixamorig6_RightShoulder" type="PhysicalBone3D" parent="MixamoRacer/Skeleton3D/PhysicalBoneSimulator3D"]
transform = Transform3D(-0.02573626, 0.2633673, 0.9643523, 0.09632959, -0.9595293, 0.2646209, 0.9950167, 0.09970602, -0.00067536836, -0.12511446, 1.3091309, -0.049180057)
collision_layer = 4
collision_mask = 4
joint_type = 2
joint_offset = Transform3D(1, 0, 0, 0, 1, 0, 0, 0, 1, -1.4168587e-07, -5.216893e-06, 0.065539)
body_offset = Transform3D(1.0000001, 6.7055225e-08, 5.7031866e-07, 6.4022606e-07, -3.7228892e-07, -1.0000002, -8.940697e-08, 1.0000002, -4.3202454e-07, 1.0430813e-07, 0.06553902, 5.2452087e-06)
mass = 0.9
bone_name = "mixamorig6_RightShoulder"
joint_constraints/swing_span = 39.999992
joint_constraints/twist_span = 30.0
joint_constraints/bias = 0.3
joint_constraints/softness = 0.8
joint_constraints/relaxation = 1.0

[node name="CollisionShape3D" type="CollisionShape3D" parent="MixamoRacer/Skeleton3D/PhysicalBoneSimulator3D/Physical Bone mixamorig6_RightShoulder"]
transform = Transform3D(0.999707, 0.024048898, -0.0027504805, -0.0030749873, 0.23888502, 0.971043, 0.024009563, -0.97075, 0.23888896, -0.0032012537, -0.031392574, -0.06404574)
shape = SubResource("CapsuleShape3D_esgp4")

[node name="Physical Bone mixamorig6_RightArm" type="PhysicalBone3D" parent="MixamoRacer/Skeleton3D/PhysicalBoneSimulator3D"]
transform = Transform3D(-0.08513947, 0.9951059, -0.050154515, -0.06615521, 0.04458043, 0.996813, 0.9941704, 0.08818611, 0.062035885, -0.3232264, 1.284991, -0.05753521)
collision_layer = 4
collision_mask = 4
joint_type = 3
joint_offset = Transform3D(1, 0, 0, 0, 1, 0, 0, 0, 1, -0.003586238, 0.13529256, 0.0005355413)
body_offset = Transform3D(0.9883698, 0.025628567, 0.14986591, 0.026501406, -0.9996373, -0.0038290445, 0.14971405, 0.007756155, -0.98869467, -3.0845404e-06, 0.13534057, 1.7046928e-05)
mass = 2.0
bone_name = "mixamorig6_RightArm"
joint_constraints/angular_limit_enabled = true
joint_constraints/angular_limit_upper = 120.0
joint_constraints/angular_limit_lower = -19.999996
joint_constraints/angular_limit_bias = 0.3
joint_constraints/angular_limit_softness = 0.9
joint_constraints/angular_limit_relaxation = 1.0

[node name="CollisionShape3D" type="CollisionShape3D" parent="MixamoRacer/Skeleton3D/PhysicalBoneSimulator3D/Physical Bone mixamorig6_RightArm"]
transform = Transform3D(0.7273301, -0.14804947, -0.67012817, 0.12169218, 0.98880255, -0.08637346, 0.67541194, -0.018727317, 0.73720264, 0.00583788, -0.1432189, 0.011182666)
shape = SubResource("CapsuleShape3D_auk71")

[node name="Physical Bone mixamorig6_RightHand" type="PhysicalBone3D" parent="MixamoRacer/Skeleton3D/PhysicalBoneSimulator3D"]
transform = Transform3D(0.06999072, -0.7780827, 0.6242504, -0.8766611, 0.2506231, 0.4106743, -0.47599015, -0.5759995, -0.66457355, -0.7272402, 1.273016, -0.038499586)
collision_layer = 4
collision_mask = 4
joint_type = 2
joint_offset = Transform3D(1, 0, 0, 0, 1, 0, 0, 0, 1, -0.00012075761, -0.000111098634, 0.02195549)
body_offset = Transform3D(-0.4891519, -0.5829861, -0.64888334, -5.6112185e-07, 0.7439398, -0.6683888, 0.87230605, -0.32691124, -0.3638641, 0.014122713, 0.014757454, 0.008057833)
mass = 0.6
bone_name = "mixamorig6_RightHand"
joint_constraints/swing_span = 45.0
joint_constraints/twist_span = 180.0
joint_constraints/bias = 0.3
joint_constraints/softness = 0.8
joint_constraints/relaxation = 1.0

[node name="CollisionShape3D" type="CollisionShape3D" parent="MixamoRacer/Skeleton3D/PhysicalBoneSimulator3D/Physical Bone mixamorig6_RightHand"]
transform = Transform3D(0.9667512, -0.16657722, -0.19402097, 0.25569797, 0.6393826, 0.7251265, 0.0032640696, -0.7506277, 0.66071737, -0.0068382025, 0.032626092, -0.008408848)
shape = SubResource("CapsuleShape3D_sd2q1")

[node name="Physical Bone mixamorig6_LeftUpLeg" type="PhysicalBone3D" parent="MixamoRacer/Skeleton3D/PhysicalBoneSimulator3D"]
transform = Transform3D(0.081674464, 0.07764534, -0.99362993, -0.99663883, -1.3362131e-07, -0.081921786, -0.006360978, 0.9969811, 0.077384345, 0.10824649, 0.5724181, -0.017924398)
collision_layer = 4
collision_mask = 4
joint_type = 3
joint_offset = Transform3D(1, 0, 0, 0, 1, 0, 0, 0, 1, -0.20397143, 0.014478038, 0.0012260582)
body_offset = Transform3D(4.0231676e-05, -0.083726235, 0.9964891, 0.99747324, -0.07079274, -0.0059883897, 0.071045555, 0.9939711, 0.083511814, -1.3560057e-06, 0.20448834, -1.8775463e-06)
mass = 6.0
bone_name = "mixamorig6_LeftUpLeg"
joint_constraints/angular_limit_enabled = true
joint_constraints/angular_limit_upper = 90.0
joint_constraints/angular_limit_lower = -90.0
joint_constraints/angular_limit_bias = 0.3
joint_constraints/angular_limit_softness = 0.9
joint_constraints/angular_limit_relaxation = 1.0

[node name="CollisionShape3D" type="CollisionShape3D" parent="MixamoRacer/Skeleton3D/PhysicalBoneSimulator3D/Physical Bone mixamorig6_LeftUpLeg"]
transform = Transform3D(4.0462695e-05, -0.9964887, -0.083726354, 0.07104246, -0.0835117, 0.9939715, -0.9974733, -0.0059882924, 0.07078974, 0.027044237, 2.7939677e-09, 0.002222985)
shape = SubResource("CapsuleShape3D_4vdrn")

[node name="Physical Bone mixamorig6_LeftLeg" type="PhysicalBone3D" parent="MixamoRacer/Skeleton3D/PhysicalBoneSimulator3D"]
transform = Transform3D(0.06344209, 0.06421824, -0.9959172, -0.9979733, -0.00085622433, -0.06362828, -0.0049388246, 0.99793553, 0.06403376, 0.13823253, 0.16464853, -0.04681521)
collision_layer = 4
collision_mask = 4
joint_type = 3
joint_offset = Transform3D(1, 0, 0, 0, 1, 0, 0, 0, 1, -0.20505333, 0.01201435, 0.0010003697)
body_offset = Transform3D(2.7004433e-05, -0.068964876, 0.9976196, 0.99825215, -0.05896077, -0.0041029644, 0.05910335, 0.99587536, 0.0688427, -0.00016388297, 0.2054074, 8.5674226e-05)
mass = 2.7
bone_name = "mixamorig6_LeftLeg"
joint_constraints/angular_limit_enabled = false
joint_constraints/angular_limit_upper = 90.0
joint_constraints/angular_limit_lower = -90.0
joint_constraints/angular_limit_bias = 0.3
joint_constraints/angular_limit_softness = 0.9
joint_constraints/angular_limit_relaxation = 1.0

[node name="CollisionShape3D" type="CollisionShape3D" parent="MixamoRacer/Skeleton3D/PhysicalBoneSimulator3D/Physical Bone mixamorig6_LeftLeg"]
transform = Transform3D(2.4477526e-05, -0.99761695, -0.06896448, 0.05910334, -0.068842396, 0.9958774, -0.9982539, -0.0041003893, 0.058961023, -0.031574026, -0.0021765642, -0.00012929738)
shape = SubResource("CapsuleShape3D_q32ye")

[node name="Physical Bone mixamorig6_LeftFoot" type="PhysicalBone3D" parent="MixamoRacer/Skeleton3D/PhysicalBoneSimulator3D"]
transform = Transform3D(-0.98499376, 0.03763503, -0.16843672, -0.07297095, 0.79360306, 0.60404426, 0.1564051, 0.6072707, -0.77894783, 0.16613877, -0.07759367, 0.016950354)
collision_layer = 4
collision_mask = 4
joint_type = 2
joint_offset = Transform3D(1, 0, 0, 0, 1, 0, 0, 0, 1, -1.7882796e-05, 3.5295036e-06, 0.09712274)
body_offset = Transform3D(1.0000005, -0.00016596168, 0.00021190196, 0.00021178275, -8.34465e-07, -1.0000002, 0.00016590953, 1.0000001, -7.1525574e-07, -2.6971102e-06, 0.09712276, -3.4570694e-06)
mass = 0.9
bone_name = "mixamorig6_LeftFoot"
joint_constraints/swing_span = 45.0
joint_constraints/twist_span = 180.0
joint_constraints/bias = 0.3
joint_constraints/softness = 0.8
joint_constraints/relaxation = 1.0

[node name="CollisionShape3D" type="CollisionShape3D" parent="MixamoRacer/Skeleton3D/PhysicalBoneSimulator3D/Physical Bone mixamorig6_LeftFoot"]
transform = Transform3D(1, 3.7252903e-08, 1.5646219e-07, 1.7881393e-07, 3.2782555e-07, 1, 5.066395e-07, -0.9999999, 8.34465e-07, 0, 0, 0)
shape = SubResource("CapsuleShape3D_j3waw")

[node name="Physical Bone mixamorig6_RightUpLeg" type="PhysicalBone3D" parent="MixamoRacer/Skeleton3D/PhysicalBoneSimulator3D"]
transform = Transform3D(-0.08173654, 0.07234682, -0.99402475, -0.99663633, 4.125301e-06, 0.081951596, 0.005933038, 0.99737954, 0.07210314, -0.10824706, 0.57239115, -0.019292273)
collision_layer = 4
collision_mask = 4
joint_type = 3
joint_offset = Transform3D(1, 0, 0, 0, 1, 0, 0, 0, 1, -0.2038108, 0.015912056, 0.0010623989)
body_offset = Transform3D(3.2307584e-05, -0.06618982, 0.9978072, 0.9969522, -0.07784436, -0.005196108, 0.07801758, 0.9947659, 0.06598556, -2.682209e-07, 0.2044338, 1.9483268e-06)
mass = 6.0
bone_name = "mixamorig6_RightUpLeg"
joint_constraints/angular_limit_enabled = false
joint_constraints/angular_limit_upper = 90.0
joint_constraints/angular_limit_lower = -90.0
joint_constraints/angular_limit_bias = 0.3
joint_constraints/angular_limit_softness = 0.9
joint_constraints/angular_limit_relaxation = 1.0

[node name="CollisionShape3D" type="CollisionShape3D" parent="MixamoRacer/Skeleton3D/PhysicalBoneSimulator3D/Physical Bone mixamorig6_RightUpLeg"]
transform = Transform3D(3.5158293e-05, -0.9978074, -0.06618483, 0.07802144, -0.06598036, 0.9947658, -0.9969517, -0.0051988023, 0.07784803, 0.031137347, -1.527369e-07, -0.0025603771)
shape = SubResource("CapsuleShape3D_b3evu")

[node name="Physical Bone mixamorig6_RightLeg" type="PhysicalBone3D" parent="MixamoRacer/Skeleton3D/PhysicalBoneSimulator3D"]
transform = Transform3D(0.06343688, -0.072750404, 0.9953307, 0.99797523, 1.6763806e-05, -0.063604206, 0.004610546, 0.9973502, 0.072604164, -0.13739794, 0.17513976, -0.048190497)
collision_layer = 4
collision_mask = 4
joint_type = 3
joint_offset = Transform3D(1, 0, 0, 0, 1, 0, 0, 0, 1, 0.19453144, 0.01322269, 0.0010254489)
body_offset = Transform3D(1.1853443e-05, 0.07719266, -0.9970165, -0.9976851, -0.067801744, -0.00526132, -0.06800556, 0.9947081, 0.07701313, -6.109476e-07, 0.19498304, -2.4698675e-06)
mass = 2.7
bone_name = "mixamorig6_RightLeg"
joint_constraints/angular_limit_enabled = false
joint_constraints/angular_limit_upper = 90.0
joint_constraints/angular_limit_lower = -90.0
joint_constraints/angular_limit_bias = 0.3
joint_constraints/angular_limit_softness = 0.9
joint_constraints/angular_limit_relaxation = 1.0

[node name="CollisionShape3D" type="CollisionShape3D" parent="MixamoRacer/Skeleton3D/PhysicalBoneSimulator3D/Physical Bone mixamorig6_RightLeg"]
transform = Transform3D(2.1287344e-05, -0.99769086, -0.06801465, 0.07719459, -0.06780996, 0.99470747, -0.9970166, -0.005271761, 0.0770137, 0.009948477, 0.00067616254, 5.2526593e-05)
shape = SubResource("CapsuleShape3D_3q7gx")

[node name="Physical Bone mixamorig6_RightFoot" type="PhysicalBone3D" parent="MixamoRacer/Skeleton3D/PhysicalBoneSimulator3D"]
transform = Transform3D(-0.98536646, -0.034019295, 0.16702022, 0.074151054, 0.7967434, 0.59975135, -0.15347537, 0.6033596, -0.78256154, -0.16611677, -0.077690095, 0.014367979)
collision_layer = 4
collision_mask = 4
joint_type = 2
joint_offset = Transform3D(1, 0, 0, 0, 1, 0, 0, 0, 1, 5.0751896e-05, -1.6816599e-05, 0.09800354)
body_offset = Transform3D(1.0000002, 2.4661422e-06, -7.4505806e-07, -7.227063e-07, 5.066395e-06, -1.0000001, -2.413988e-06, 1.0000001, 5.2154064e-06, -5.067885e-05, 0.09800355, 1.6305596e-05)
mass = 0.9
bone_name = "mixamorig6_RightFoot"
joint_constraints/swing_span = 45.0
joint_constraints/twist_span = 180.0
joint_constraints/bias = 0.3
joint_constraints/softness = 0.8
joint_constraints/relaxation = 1.0

[node name="CollisionShape3D" type="CollisionShape3D" parent="MixamoRacer/Skeleton3D/PhysicalBoneSimulator3D/Physical Bone mixamorig6_RightFoot"]
transform = Transform3D(1, 0, -1.7881393e-07, 2.9802322e-08, 0, 0.9999999, -5.9604645e-08, -1, 2.3841858e-07, 0, 0, 0)
shape = SubResource("CapsuleShape3D_8nl3w")

[node name="Targets" type="Node3D" parent="."]

[node name="HeadTarget" type="Marker3D" parent="Targets"]
unique_name_in_owner = true
transform = Transform3D(1, 0, 0, 0, 0.9999999, 0, 0, 0, 0.9999999, 0, 1.76, 0.15)

[node name="LeftArmTarget" type="Marker3D" parent="Targets"]
unique_name_in_owner = true
transform = Transform3D(1.9106855e-15, -4.371139e-08, -1, -1, -4.371139e-08, 0, -4.371139e-08, 1, -4.371139e-08, 0.25, 0.15, 0.25)

[node name="RightArmTarget" type="Marker3D" parent="Targets"]
unique_name_in_owner = true
transform = Transform3D(8.742278e-08, 4.3711395e-08, 1, 1, 7.54979e-08, -8.742278e-08, -7.549791e-08, 1, -4.371139e-08, -0.25, 0.15, 0.25)

[node name="ButtTarget" type="Marker3D" parent="Targets"]
unique_name_in_owner = true
transform = Transform3D(1, 0, 0, 0, 1, 0, 0, 0, 1, 0, 0.8325197, 0)

[node name="LeftLegTarget" type="Marker3D" parent="Targets"]
unique_name_in_owner = true
transform = Transform3D(-0.9982336, 0.03612911, -0.047162842, -0.059410855, -0.60704976, 0.7924393, -6.939984e-08, 0.7938415, 0.60812396, 0.2, 0.04, 0)

[node name="RightLegTarget" type="Marker3D" parent="Targets"]
unique_name_in_owner = true
transform = Transform3D(-0.9982256, 0.036801673, -0.046809737, -0.05953972, -0.60723305, 0.7922895, 0.0007331595, 0.7936708, 0.60834676, -0.2, 0, 0)

[editable path="MixamoRacer"]
