[gd_scene load_steps=23 format=3 uid="uid://gobjlpuvfmm8"]

[ext_resource type="Script" uid="uid://cnhikt5heakgg" path="res://scenes/character/ik_character_mesh.gd" id="1_b7r8g"]
[ext_resource type="PackedScene" uid="uid://dxgxjvo8bvmo1" path="res://assets/characters/Mixamo/MixamoRacer.fbx" id="2_034on"]
[ext_resource type="Script" uid="uid://dhlwot1rrwitp" path="res://scenes/character/ik_start_script.gd" id="3_hiykm"]

[sub_resource type="CapsuleShape3D" id="CapsuleShape3D_hiykm"]
radius = 0.1352539
height = 0.45078516

[sub_resource type="CapsuleShape3D" id="CapsuleShape3D_woqte"]
radius = 0.103027344
height = 0.26586702

[sub_resource type="CapsuleShape3D" id="CapsuleShape3D_e5ujh"]
radius = 0.013107677
height = 0.13107677

[sub_resource type="CapsuleShape3D" id="CapsuleShape3D_p3nop"]
radius = 0.046875
height = 0.27071676

[sub_resource type="CapsuleShape3D" id="CapsuleShape3D_fsffo"]
radius = 0.025567722
height = 0.25567722

[sub_resource type="CapsuleShape3D" id="CapsuleShape3D_h3svh"]
radius = 0.004108548
height = 0.04108548

[sub_resource type="CapsuleShape3D" id="CapsuleShape3D_esgp4"]
radius = 0.013107699
height = 0.13107699

[sub_resource type="CapsuleShape3D" id="CapsuleShape3D_auk71"]
radius = 0.047
height = 0.2706963

[sub_resource type="CapsuleShape3D" id="CapsuleShape3D_48eqo"]
radius = 0.025565442
height = 0.25565442

[sub_resource type="CapsuleShape3D" id="CapsuleShape3D_sd2q1"]
radius = 0.004413407
height = 0.04413407

[sub_resource type="CapsuleShape3D" id="CapsuleShape3D_4vdrn"]
radius = 0.06201172
height = 0.4089964

[sub_resource type="CapsuleShape3D" id="CapsuleShape3D_q32ye"]
radius = 0.03897267
height = 0.38972667

[sub_resource type="CapsuleShape3D" id="CapsuleShape3D_j3waw"]
radius = 0.019419167
height = 0.19419166

[sub_resource type="CapsuleShape3D" id="CapsuleShape3D_b3evu"]
radius = 0.062
height = 0.40883383

[sub_resource type="CapsuleShape3D" id="CapsuleShape3D_3q7gx"]
radius = 0.03899549
height = 0.3899549

[sub_resource type="CapsuleShape3D" id="CapsuleShape3D_8nl3w"]
radius = 0.01956001
height = 0.19560009

[sub_resource type="CapsuleShape3D" id="CapsuleShape3D_b7r8g"]
radius = 0.010283948
height = 0.10283948

[sub_resource type="CapsuleShape3D" id="CapsuleShape3D_034on"]
radius = 0.011997946
height = 0.119979456

[sub_resource type="CapsuleShape3D" id="CapsuleShape3D_62hqg"]
radius = 0.013711947
height = 0.13711947

[node name="IKCharacterMesh" type="Node3D" node_paths=PackedStringArray("skel", "head_target", "left_arm_target", "right_arm_target", "butt_target", "left_leg_target", "right_leg_target")]
script = ExtResource("1_b7r8g")
skel = NodePath("MixamoRacer/Skeleton3D")
head_target = NodePath("Targets/HeadTarget")
left_arm_target = NodePath("Targets/LeftArmTarget")
right_arm_target = NodePath("Targets/RightArmTarget")
butt_target = NodePath("Targets/ButtTarget")
left_leg_target = NodePath("Targets/LeftLegTarget")
right_leg_target = NodePath("Targets/RightLegTarget")

[node name="MixamoRacer" parent="." instance=ExtResource("2_034on")]

[node name="Skeleton3D" parent="MixamoRacer" index="0"]
bones/0/position = Vector3(0, 0.8325197, 0)
bones/1/rotation = Quaternion(-0.047964085, 0, 0, 0.9988491)
bones/3/rotation = Quaternion(0, 0, 0, 1)
bones/4/rotation = Quaternion(0.047964077, 0, 0, 0.9988491)
bones/7/rotation = Quaternion(-0.5541937, -0.43477345, 0.56968266, -0.42344198)
bones/8/position = Vector3(0, 0.13107654, 0)
bones/8/rotation = Quaternion(-0.11095855, 0.002315576, -0.020735394, 0.9936061)
bones/8/scale = Vector3(0.998976, 0.99897593, 0.9989761)
bones/9/position = Vector3(-6.854534e-07, 0.27073437, -1.1920929e-07)
bones/9/rotation = Quaternion(-0.02740118, -0.0016615825, 0.06050513, 0.99779034)
bones/9/scale = Vector3(0.99993336, 0.99993336, 0.9999333)
bones/10/position = Vector3(4.2915344e-06, 0.25568256, 8.702278e-06)
bones/10/rotation = Quaternion(0.048652954, 0.037280627, -0.021908293, 0.9978794)
bones/10/scale = Vector3(0.9999003, 0.9998994, 0.9998885)
bones/11/rotation = Quaternion(0.1638815, 0.054633725, 0.31150725, 0.93440956)
bones/12/rotation = Quaternion(0.071573004, 8.881784e-16, 1.0222908e-15, 0.9974354)
bones/13/rotation = Quaternion(-0.08987837, -1.7763568e-15, 5.4261396e-16, 0.9959528)
bones/15/rotation = Quaternion(0.062911116, 0.00694192, 0.10945928, 0.9919742)
bones/16/rotation = Quaternion(0.015924446, 2.220446e-15, -2.3223166e-15, 0.9998732)
bones/17/rotation = Quaternion(0.020319276, 0, 3.637599e-15, 0.9997935)
bones/19/rotation = Quaternion(0.06380391, 0.0018547818, 0.028998496, 0.99753934)
bones/20/rotation = Quaternion(0.033782784, -1.110223e-15, -7.489856e-16, 0.9994292)
bones/21/rotation = Quaternion(-0.06285299, -6.661338e-16, -5.553292e-16, 0.9980228)
bones/23/rotation = Quaternion(0.042759866, -0.0013746158, -0.03210132, 0.9985686)
bones/24/rotation = Quaternion(0.019452063, 1.3877788e-17, 5.478609e-18, 0.9998108)
bones/25/rotation = Quaternion(-0.12952833, -7.2164497e-16, 1.3103891e-16, 0.9915757)
bones/27/rotation = Quaternion(0.09597879, -0.006919314, -0.071571805, 0.99278283)
bones/28/rotation = Quaternion(0.0030722788, -8.326673e-17, -5.8633984e-15, 0.9999953)
bones/29/rotation = Quaternion(0.07989849, 3.552714e-15, -2.2919461e-14, 0.99680305)
bones/31/rotation = Quaternion(0.5546226, -0.43444243, 0.5693221, 0.42370507)
bones/32/position = Vector3(1.4901161e-08, 0.1310769, -2.3841858e-07)
bones/32/rotation = Quaternion(-0.110965535, -0.0023282522, 0.020847548, 0.9936029)
bones/32/scale = Vector3(1.0000043, 1.0000042, 1.0000043)
bones/33/position = Vector3(8.940697e-08, 0.2706958, -1.6391277e-07)
bones/33/rotation = Quaternion(-0.02754232, 0.0016297951, -0.059048314, 0.9978738)
bones/33/scale = Vector3(1.0000814, 1.0000815, 1.0000823)
bones/34/position = Vector3(3.963709e-06, 0.25564134, 2.682209e-07)
bones/34/rotation = Quaternion(0.050639555, -0.036451582, 0.020205904, 0.997847)
bones/34/scale = Vector3(0.9998184, 0.9998194, 0.9998207)
bones/35/rotation = Quaternion(0.17726876, -0.058847584, -0.30951685, 0.9323691)
bones/36/rotation = Quaternion(0.031477865, -5.3290705e-15, 1.16839776e-14, 0.99950445)
bones/37/rotation = Quaternion(-0.033537846, -6.661338e-16, 5.065257e-18, 0.99943745)
bones/39/rotation = Quaternion(0.0566872, -0.006509999, -0.11390498, 0.9918518)
bones/40/rotation = Quaternion(0.021986656, -2.220446e-15, -4.767531e-15, 0.9997583)
bones/41/rotation = Quaternion(0.01624182, 0, 2.2956346e-15, 0.9998681)
bones/43/rotation = Quaternion(0.05106309, -0.001223631, -0.023924982, 0.9984081)
bones/44/rotation = Quaternion(0.041802116, -4.9960036e-16, 5.569593e-16, 0.9991259)
bones/45/rotation = Quaternion(-0.0149336895, -7.2164507e-16, -3.182553e-16, 0.99988854)
bones/47/rotation = Quaternion(0.04454621, 0.0019444951, 0.043566294, 0.99805504)
bones/48/rotation = Quaternion(-0.0013483455, -5.7245875e-16, 1.8322e-16, 0.9999991)
bones/49/rotation = Quaternion(-0.01844937, -2.5812687e-15, 5.8235214e-16, 0.9998298)
bones/51/rotation = Quaternion(0.053609587, 0.0034428542, 0.0639963, 0.9965033)
bones/52/rotation = Quaternion(0.05604649, -5.3290714e-15, -2.9255034e-14, 0.9984282)
bones/53/rotation = Quaternion(0.07569756, 0, 1.458091e-14, 0.9971309)
bones/55/rotation = Quaternion(-0.0015928089, -0.038820833, 0.9984049, -0.040964298)
bones/56/rotation = Quaternion(0.006746198, -6.184279e-05, -0.009166486, 0.9999353)
bones/57/rotation = Quaternion(0.46621582, -0.07153971, 0.03785975, 0.8809606)
bones/60/rotation = Quaternion(0.0014844314, -0.036164977, 0.998504, 0.0409847)
bones/61/rotation = Quaternion(-0.00020400572, -1.8778265e-06, 0.0092043895, 0.9999576)
bones/62/rotation = Quaternion(0.47244653, 0.0699769, -0.03766405, 0.87776935)
bones/63/rotation = Quaternion(0.31227186, 0.06305582, -0.020777857, 0.94767004)

[node name="LeftArmIK" type="SkeletonIK3D" parent="MixamoRacer/Skeleton3D" index="1"]
unique_name_in_owner = true
root_bone = &"mixamorig6_LeftArm"
tip_bone = &"mixamorig6_LeftHand"
target = Transform3D(0.02765167, -0.9962736, 0.08169474, 0.15483421, -0.076470934, -0.98497635, 0.9875532, 0.039885417, 0.15214273, -0.18084005, 0.18939535, -0.34834242)
use_magnet = true
target_node = NodePath("../../../Targets/LeftArmTarget")
script = ExtResource("3_hiykm")

[node name="RightArmIK" type="SkeletonIK3D" parent="MixamoRacer/Skeleton3D" index="2"]
unique_name_in_owner = true
root_bone = &"mixamorig6_RightArm"
tip_bone = &"mixamorig6_RightHand"
target = Transform3D(-0.048892476, 0.9259691, -0.374421, -0.52059925, -0.34354672, -0.7816345, -0.8524003, 0.15670711, 0.4988557, 0.30723536, 0.60162836, 0.86473644)
use_magnet = true
target_node = NodePath("../../../Targets/RightArmTarget")
script = ExtResource("3_hiykm")

[node name="LeftLegIK" type="SkeletonIK3D" parent="MixamoRacer/Skeleton3D" index="3"]
unique_name_in_owner = true
root_bone = &"mixamorig6_LeftUpLeg"
tip_bone = &"mixamorig6_LeftFoot"
target = Transform3D(-0.9982336, 0.03612911, -0.047162842, -0.059410855, -0.60704976, 0.7924393, -6.939984e-08, 0.7938415, 0.60812396, 0.2, 0.04, 0)
use_magnet = true
magnet = Vector3(0.1, 0, 1)
target_node = NodePath("../../../Targets/LeftLegTarget")
script = ExtResource("3_hiykm")

[node name="RightLegIK" type="SkeletonIK3D" parent="MixamoRacer/Skeleton3D" index="4"]
unique_name_in_owner = true
root_bone = &"mixamorig6_RightUpLeg"
tip_bone = &"mixamorig6_RightFoot"
target = Transform3D(-0.9982256, 0.036801673, -0.046809737, -0.05953972, -0.60723305, 0.7922895, 0.0007331595, 0.7936708, 0.60834676, -0.2, 0, 0)
use_magnet = true
magnet = Vector3(-0.1, 0, 1)
target_node = NodePath("../../../Targets/RightLegTarget")
script = ExtResource("3_hiykm")

[node name="HeadIK" type="SkeletonIK3D" parent="MixamoRacer/Skeleton3D" index="5"]
unique_name_in_owner = true
root_bone = &"mixamorig6_Neck"
tip_bone = &"mixamorig6_Head"
target = Transform3D(1, 0, 0, 0, 0.92230207, -0.38646945, 0, 0.38646945, 0.92230207, 0, 2.0420756, 0.52922785)
target_node = NodePath("../../../Targets/HeadTarget")
script = ExtResource("3_hiykm")

[node name="PhysicalBoneSimulator3D" type="PhysicalBoneSimulator3D" parent="MixamoRacer/Skeleton3D" index="6"]
unique_name_in_owner = true

[node name="Physical Bone mixamorig6_Spine1" type="PhysicalBone3D" parent="MixamoRacer/Skeleton3D/PhysicalBoneSimulator3D"]
transform = Transform3D(-1.107894e-07, -0.09554144, 0.99542546, 1, 2.3415944e-07, 1.3377328e-07, -2.4586916e-07, 0.9954255, 0.09554143, 3.874302e-07, 1.1225501, -0.027918028)
collision_layer = 4
collision_mask = 4
joint_type = 3
joint_offset = Transform3D(1, 0, 0, 0, 1, 0, 0, 0, 1, -0.068236634, 0.0065379846, 0.00062712224)
body_offset = Transform3D(-1.107894e-07, -0.09554144, 0.99542546, 0.99539906, -0.09537921, -0.009154434, 0.09581752, 0.99084556, 0.09510187, 3.874302e-07, 0.06855202, 4.917383e-07)
bone_name = "mixamorig6_Spine1"
joint_constraints/angular_limit_enabled = true
joint_constraints/angular_limit_upper = 30.0
joint_constraints/angular_limit_lower = -30.0
joint_constraints/angular_limit_bias = 0.3
joint_constraints/angular_limit_softness = 0.9
joint_constraints/angular_limit_relaxation = 1.0

[node name="CollisionShape3D" type="CollisionShape3D" parent="MixamoRacer/Skeleton3D/PhysicalBoneSimulator3D/Physical Bone mixamorig6_Spine1"]
transform = Transform3D(0.99999654, 5.2154064e-08, -9.0152025e-07, -3.054738e-07, -7.450581e-09, 0.99999624, -5.6251884e-07, -0.99999917, -4.5448542e-07, 0, 2.9802322e-08, 0.008107424)
shape = SubResource("CapsuleShape3D_hiykm")

[node name="Physical Bone mixamorig6_Head" type="PhysicalBone3D" parent="MixamoRacer/Skeleton3D/PhysicalBoneSimulator3D"]
transform = Transform3D(-1, 4.446819e-08, 1.422159e-07, -1.19197296e-07, 0.33399174, -0.942576, -8.941358e-08, -0.94257605, -0.33399174, -4.6007335e-07, 1.5258467, 0.0087749995)
collision_layer = 4
collision_mask = 4
joint_type = 1
joint_offset = Transform3D(1, 0, 0, 0, 1, 0, 0, 0, 1, -4.389585e-07, -0.0059682727, 0.15033656)
body_offset = Transform3D(-1, 4.4468187e-08, 1.4221591e-07, -1.1919732e-07, 0.33399177, -0.94257617, -8.94136e-08, -0.94257617, -0.33399177, -4.6007335e-07, 0.14369702, 0.044585627)
bone_name = "mixamorig6_Head"
joint_constraints/bias = 0.3
joint_constraints/damping = 1.0
joint_constraints/impulse_clamp = 0.0

[node name="CollisionShape3D" type="CollisionShape3D" parent="MixamoRacer/Skeleton3D/PhysicalBoneSimulator3D/Physical Bone mixamorig6_Head"]
transform = Transform3D(1, -1.5765167e-14, -8.926193e-14, -3.7747583e-15, -2.682209e-07, 0.9999995, -6.883383e-14, -0.99999946, -5.9604645e-08, 0, -3.4213066e-05, 9.6321106e-05)
shape = SubResource("CapsuleShape3D_woqte")

[node name="Physical Bone mixamorig6_LeftShoulder" type="PhysicalBone3D" parent="MixamoRacer/Skeleton3D/PhysicalBoneSimulator3D"]
transform = Transform3D(-0.027132489, -0.26322633, -0.9643525, -0.09633769, -0.9595287, 0.26462013, -0.9949789, 0.10008329, 0.0006757818, 0.12510997, 1.3091214, -0.04935651)
collision_layer = 4
collision_mask = 4
joint_type = 2
joint_offset = Transform3D(1, 0, 0, 0, 1, 0, 0, 0, 1, -2.1229182e-07, -1.5615311e-05, 0.065537184)
body_offset = Transform3D(1.0000001, -1.2665987e-07, 5.6053977e-08, 4.1443855e-08, 1.327644e-07, -1, 5.2154064e-08, 1.0000001, -1.6836566e-08, 2.0861626e-07, 0.065537184, 1.5616417e-05)
bone_name = "mixamorig6_LeftShoulder"
joint_constraints/swing_span = 39.999996
joint_constraints/twist_span = 30.0
joint_constraints/bias = 0.3
joint_constraints/softness = 0.8
joint_constraints/relaxation = 1.0

[node name="CollisionShape3D" type="CollisionShape3D" parent="MixamoRacer/Skeleton3D/PhysicalBoneSimulator3D/Physical Bone mixamorig6_LeftShoulder"]
transform = Transform3D(1, 0, 0, 0, 0, 1, 0, -1, 0, 0, 0, 0)
shape = SubResource("CapsuleShape3D_e5ujh")

[node name="Physical Bone mixamorig6_LeftArm" type="PhysicalBone3D" parent="MixamoRacer/Skeleton3D/PhysicalBoneSimulator3D"]
transform = Transform3D(-0.23703685, -0.97053623, -0.04327944, -0.40128222, 0.057240684, 0.9141642, -0.88475204, 0.23405787, -0.40302706, 0.3231042, 1.2850167, -0.057953175)
collision_layer = 4
collision_mask = 4
joint_type = 1
joint_offset = Transform3D(1, 0, 0, 0, 1, 0, 0, 0, 1, 0.02166463, 0.13320509, 0.00858219)
body_offset = Transform3D(0.93062836, -0.17237046, 0.32599178, -0.16037434, -0.98604906, -0.06355002, 0.33205754, 0.0068536457, -0.9443209, 1.1771917e-06, 0.13536659, -2.503395e-06)
bone_name = "mixamorig6_LeftArm"
joint_constraints/bias = 0.3
joint_constraints/damping = 1.0
joint_constraints/impulse_clamp = 0.0

[node name="CollisionShape3D" type="CollisionShape3D" parent="MixamoRacer/Skeleton3D/PhysicalBoneSimulator3D/Physical Bone mixamorig6_LeftArm"]
transform = Transform3D(0.99999815, 0, 1.6763806e-08, -1.3038516e-08, -1.587905e-07, 0.9999969, -1.3411045e-07, -0.9999959, 2.561137e-07, 0, 0, 0)
shape = SubResource("CapsuleShape3D_p3nop")

[node name="Physical Bone mixamorig6_LeftForeArm" type="PhysicalBone3D" parent="MixamoRacer/Skeleton3D/PhysicalBoneSimulator3D"]
transform = Transform3D(0.053591523, 0.010374256, -0.9985091, -0.09064606, -0.995767, -0.015210883, -0.9944402, 0.09132608, -0.052424286, 0.58539426, 1.2801871, -0.05980704)
collision_layer = 4
collision_mask = 4
joint_type = 1
joint_offset = Transform3D(1, 0, 0, 0, 1, 0, 0, 0, 1, 4.6880893e-07, 9.438751e-06, 0.12769225)
body_offset = Transform3D(1.0010918, 8.940697e-07, -6.7055225e-07, -6.7427754e-07, 4.495494e-06, -1.0010918, -9.611249e-07, 1.0010917, 4.4209883e-06, -3.837049e-07, 0.12783167, -1.001358e-05)
bone_name = "mixamorig6_LeftForeArm"
joint_constraints/bias = 0.3
joint_constraints/damping = 1.0
joint_constraints/impulse_clamp = 0.0

[node name="CollisionShape3D" type="CollisionShape3D" parent="MixamoRacer/Skeleton3D/PhysicalBoneSimulator3D/Physical Bone mixamorig6_LeftForeArm"]
transform = Transform3D(1, 0, 0, 0, 0, 1, 0, -1, 0, 0, 0, 0)
shape = SubResource("CapsuleShape3D_fsffo")

[node name="Physical Bone mixamorig6_LeftHand" type="PhysicalBone3D" parent="MixamoRacer/Skeleton3D/PhysicalBoneSimulator3D"]
transform = Transform3D(0.068816334, 0.7580384, -0.64856935, 0.8881838, 0.24949801, 0.3858502, 0.45430604, -0.6026015, -0.65610784, 0.7263358, 1.27419, -0.039662205)
collision_layer = 4
collision_mask = 4
joint_type = 1
joint_offset = Transform3D(1, 0, 0, 0, 1, 0, 0, 0, 1, -4.1676685e-07, -9.035459e-05, 0.020586114)
body_offset = Transform3D(-0.46697474, 0.60906684, 0.6429286, -2.1839514e-07, 0.7268315, -0.68855107, -0.88562864, -0.3211568, -0.33901155, -0.013180565, 0.014240265, 0.006949544)
bone_name = "mixamorig6_LeftHand"
joint_constraints/bias = 0.3
joint_constraints/damping = 1.0
joint_constraints/impulse_clamp = 0.0

[node name="CollisionShape3D" type="CollisionShape3D" parent="MixamoRacer/Skeleton3D/PhysicalBoneSimulator3D/Physical Bone mixamorig6_LeftHand"]
transform = Transform3D(1, 0, 0, 0, 0, 1, 0, -1, 0, 0, 0, 0)
shape = SubResource("CapsuleShape3D_h3svh")

[node name="Physical Bone mixamorig6_RightShoulder" type="PhysicalBone3D" parent="MixamoRacer/Skeleton3D/PhysicalBoneSimulator3D"]
transform = Transform3D(-0.02573626, 0.2633673, 0.9643523, 0.09632959, -0.9595293, 0.2646209, 0.9950167, 0.09970602, -0.00067536836, -0.12511446, 1.3091309, -0.049180057)
collision_layer = 4
collision_mask = 4
joint_type = 2
joint_offset = Transform3D(1, 0, 0, 0, 1, 0, 0, 0, 1, -1.4168587e-07, -5.216893e-06, 0.065539)
body_offset = Transform3D(1.0000001, 6.7055225e-08, 5.7031866e-07, 6.4022606e-07, -3.7228892e-07, -1.0000002, -8.940697e-08, 1.0000002, -4.3202454e-07, 1.0430813e-07, 0.06553902, 5.2452087e-06)
bone_name = "mixamorig6_RightShoulder"
joint_constraints/swing_span = 39.999996
joint_constraints/twist_span = 30.0
joint_constraints/bias = 0.3
joint_constraints/softness = 0.8
joint_constraints/relaxation = 1.0

[node name="CollisionShape3D" type="CollisionShape3D" parent="MixamoRacer/Skeleton3D/PhysicalBoneSimulator3D/Physical Bone mixamorig6_RightShoulder"]
transform = Transform3D(1, 0, 0, 0, 0, 1, 0, -1, 0, 0, 0, 0)
shape = SubResource("CapsuleShape3D_esgp4")

[node name="Physical Bone mixamorig6_RightArm" type="PhysicalBone3D" parent="MixamoRacer/Skeleton3D/PhysicalBoneSimulator3D"]
transform = Transform3D(-0.06615631, 0.044578727, 0.996813, 0.085143425, -0.9951057, 0.050153162, 0.99417, 0.08819002, 0.06203694, -0.32322812, 1.284991, -0.05753509)
collision_layer = 4
collision_mask = 4
joint_type = 1
joint_offset = Transform3D(1, 0, 0, 0, 1, 0, 0, 0, 1, 3.723398e-06, -1.4311225e-05, 0.13534285)
body_offset = Transform3D(0.99999577, -2.2798777e-06, -6.482005e-06, -6.403774e-06, -1.9281171e-05, -0.999996, 2.2873282e-06, 0.99999577, -1.933286e-05, -2.8461218e-06, 0.1353423, 1.692772e-05)
bone_name = "mixamorig6_RightArm"
joint_constraints/bias = 0.3
joint_constraints/damping = 1.0
joint_constraints/impulse_clamp = 0.0

[node name="CollisionShape3D" type="CollisionShape3D" parent="MixamoRacer/Skeleton3D/PhysicalBoneSimulator3D/Physical Bone mixamorig6_RightArm"]
transform = Transform3D(1, 0, 0, 0, 0, 1, 0, -1, 0, 0, 0, 0)
shape = SubResource("CapsuleShape3D_auk71")

[node name="Physical Bone mixamorig6_RightForeArm" type="PhysicalBone3D" parent="MixamoRacer/Skeleton3D/PhysicalBoneSimulator3D"]
transform = Transform3D(0.05185816, -0.010543743, 0.9985988, 0.09046432, -0.99578357, -0.015211914, 0.9945486, 0.09112643, -0.05068567, -0.5857211, 1.2801654, -0.059451606)
collision_layer = 4
collision_mask = 4
joint_type = 1
joint_offset = Transform3D(1, 0, 0, 0, 1, 0, 0, 0, 1, -5.0651042e-06, -7.915453e-07, 0.12774855)
body_offset = Transform3D(0.99991435, 5.2154064e-07, 2.1979213e-07, 2.5704503e-07, 4.3935142e-06, -0.9999145, -5.066395e-07, 0.99991363, 4.329253e-06, 5.0365925e-06, 0.12773761, 2.3841858e-07)
bone_name = "mixamorig6_RightForeArm"
joint_constraints/bias = 0.3
joint_constraints/damping = 1.0
joint_constraints/impulse_clamp = 0.0

[node name="CollisionShape3D" type="CollisionShape3D" parent="MixamoRacer/Skeleton3D/PhysicalBoneSimulator3D/Physical Bone mixamorig6_RightForeArm"]
transform = Transform3D(1, 0, 0, 0, 0, 1, 0, -1, 0, 0, 0, 0)
shape = SubResource("CapsuleShape3D_48eqo")

[node name="Physical Bone mixamorig6_RightHand" type="PhysicalBone3D" parent="MixamoRacer/Skeleton3D/PhysicalBoneSimulator3D"]
transform = Transform3D(0.06997091, -0.77820694, 0.62409776, -0.8764961, 0.2507567, 0.41094494, -0.4762969, -0.5757735, -0.66454965, -0.727229, 1.273035, -0.03830853)
collision_layer = 4
collision_mask = 4
joint_type = 1
joint_offset = Transform3D(1, 0, 0, 0, 1, 0, 0, 0, 1, -8.178409e-06, -9.248033e-07, 0.02206765)
body_offset = Transform3D(-0.4894562, -0.58275974, -0.64885724, -1.7182902e-07, 0.74405533, -0.6682602, 0.8721354, -0.32705194, -0.36414677, 0.014314212, 0.01474762, 0.008042693)
bone_name = "mixamorig6_RightHand"
joint_constraints/bias = 0.3
joint_constraints/damping = 1.0
joint_constraints/impulse_clamp = 0.0

[node name="CollisionShape3D" type="CollisionShape3D" parent="MixamoRacer/Skeleton3D/PhysicalBoneSimulator3D/Physical Bone mixamorig6_RightHand"]
transform = Transform3D(1, 0, 0, 0, 0, 1, 0, -1, 0, 0, 0, 0)
shape = SubResource("CapsuleShape3D_sd2q1")

[node name="Physical Bone mixamorig6_LeftUpLeg" type="PhysicalBone3D" parent="MixamoRacer/Skeleton3D/PhysicalBoneSimulator3D"]
transform = Transform3D(-0.9966388, -1.717704e-08, -0.081921935, -0.08167462, -0.07764531, 0.99362993, -0.0063608713, 0.9969811, 0.07738432, 0.108246505, 0.5724181, -0.017924368)
collision_layer = 4
collision_mask = 4
joint_type = 1
joint_offset = Transform3D(1, 0, 0, 0, 1, 0, 0, 0, 1, 1.295229e-06, 2.4617366e-06, 0.2044883)
body_offset = Transform3D(1.0000004, -2.3050234e-07, 3.700843e-07, 3.5605626e-07, -3.002584e-06, -1.0000001, 2.2910535e-07, 1.0000001, -3.002584e-06, -1.3709068e-06, 0.20448834, -1.847744e-06)
bone_name = "mixamorig6_LeftUpLeg"
joint_constraints/bias = 0.3
joint_constraints/damping = 1.0
joint_constraints/impulse_clamp = 0.0

[node name="CollisionShape3D" type="CollisionShape3D" parent="MixamoRacer/Skeleton3D/PhysicalBoneSimulator3D/Physical Bone mixamorig6_LeftUpLeg"]
transform = Transform3D(1, 3.7252903e-09, 1.4901161e-08, -8.940697e-08, 0, 1.0000004, 7.450581e-09, -1, -2.0861626e-07, 0, 0, 0)
shape = SubResource("CapsuleShape3D_4vdrn")

[node name="Physical Bone mixamorig6_LeftLeg" type="PhysicalBone3D" parent="MixamoRacer/Skeleton3D/PhysicalBoneSimulator3D"]
transform = Transform3D(-0.9979733, -0.00085834455, -0.063628525, -0.0634422, -0.064217284, 0.9959173, -0.0049408902, 0.99793565, 0.06403268, 0.13740183, 0.17503954, -0.046230145)
collision_layer = 4
collision_mask = 4
joint_type = 1
joint_offset = Transform3D(1, 0, 0, 0, 1, 0, 0, 0, 1, -2.5069648e-06, -3.1085074e-06, 0.19496842)
body_offset = Transform3D(1.0000005, -2.3981556e-07, -2.5038316e-06, -2.5248737e-06, 7.0780516e-07, -1.0000002, 2.4074689e-07, 1.0000002, 7.1525574e-07, 2.9951334e-06, 0.19496846, 2.9690564e-06)
bone_name = "mixamorig6_LeftLeg"
joint_constraints/bias = 0.3
joint_constraints/damping = 1.0
joint_constraints/impulse_clamp = 0.0

[node name="CollisionShape3D" type="CollisionShape3D" parent="MixamoRacer/Skeleton3D/PhysicalBoneSimulator3D/Physical Bone mixamorig6_LeftLeg"]
transform = Transform3D(1, 0, 0, 0, 0, 1, 0, -1, 0, 0, 0, 0)
shape = SubResource("CapsuleShape3D_q32ye")

[node name="Physical Bone mixamorig6_LeftFoot" type="PhysicalBone3D" parent="MixamoRacer/Skeleton3D/PhysicalBoneSimulator3D"]
transform = Transform3D(-0.9849928, 0.03763344, -0.16844271, -0.072975785, 0.79360354, 0.6040431, 0.15640894, 0.60727036, -0.7789474, 0.1661326, -0.07757732, 0.016935147)
collision_layer = 4
collision_mask = 4
joint_type = 1
joint_offset = Transform3D(1, 0, 0, 0, 1, 0, 0, 0, 1, -2.0983554e-05, 9.9711855e-08, 0.097099975)
body_offset = Transform3D(1.0000005, -0.00016448647, 0.00021794438, 0.00021784753, -1.6987324e-06, -1.0000002, 0.00016443431, 1.0000002, -1.4901161e-06, -1.7881393e-07, 0.0971, 4.8428774e-08)
bone_name = "mixamorig6_LeftFoot"
joint_constraints/bias = 0.3
joint_constraints/damping = 1.0
joint_constraints/impulse_clamp = 0.0

[node name="CollisionShape3D" type="CollisionShape3D" parent="MixamoRacer/Skeleton3D/PhysicalBoneSimulator3D/Physical Bone mixamorig6_LeftFoot"]
transform = Transform3D(1, 0, 0, 0, 0, 1, 0, -1, 0, 0, 0, 0)
shape = SubResource("CapsuleShape3D_j3waw")

[node name="Physical Bone mixamorig6_RightUpLeg" type="PhysicalBone3D" parent="MixamoRacer/Skeleton3D/PhysicalBoneSimulator3D"]
transform = Transform3D(-0.9966362, 1.8636297e-06, 0.081953324, 0.08173844, -0.07234693, 0.9940245, 0.0059309253, 0.99737954, 0.072103426, -0.10824713, 0.5723902, -0.019291336)
collision_layer = 4
collision_mask = 4
joint_type = 1
joint_offset = Transform3D(1, 0, 0, 0, 1, 0, 0, 0, 1, 1.0108229e-07, -3.6441456e-06, 0.20443466)
body_offset = Transform3D(1.0000001, -2.1453016e-06, 8.175266e-07, 8.107163e-07, 3.3602118e-06, -1.0000001, 2.1462329e-06, 1, 3.375113e-06, -2.682209e-07, 0.2044347, 2.9541552e-06)
bone_name = "mixamorig6_RightUpLeg"
joint_constraints/bias = 0.3
joint_constraints/damping = 1.0
joint_constraints/impulse_clamp = 0.0

[node name="CollisionShape3D" type="CollisionShape3D" parent="MixamoRacer/Skeleton3D/PhysicalBoneSimulator3D/Physical Bone mixamorig6_RightUpLeg"]
transform = Transform3D(1, 0, 0, 0, 0, 1, 0, -1, 0, 0, 0, 0)
shape = SubResource("CapsuleShape3D_b3evu")

[node name="Physical Bone mixamorig6_RightLeg" type="PhysicalBone3D" parent="MixamoRacer/Skeleton3D/PhysicalBoneSimulator3D"]
transform = Transform3D(-0.99797595, -2.5863768e-05, 0.06359295, 0.063426316, -0.07274964, 0.9953314, 0.0046006204, 0.9973503, 0.07260402, -0.13739792, 0.17513925, -0.04819026)
collision_layer = 4
collision_mask = 4
joint_type = 1
joint_offset = Transform3D(1, 0, 0, 0, 1, 0, 0, 0, 1, 4.3247317e-07, 2.176763e-06, 0.1949835)
body_offset = Transform3D(1.0000002, -8.987263e-08, 1.2210221e-06, 1.2305973e-06, 8.195639e-08, -1.0000001, 8.987263e-08, 1, 8.940697e-08, -6.7055225e-07, 0.19498353, -2.194196e-06)
bone_name = "mixamorig6_RightLeg"
joint_constraints/bias = 0.3
joint_constraints/damping = 1.0
joint_constraints/impulse_clamp = 0.0

[node name="CollisionShape3D" type="CollisionShape3D" parent="MixamoRacer/Skeleton3D/PhysicalBoneSimulator3D/Physical Bone mixamorig6_RightLeg"]
transform = Transform3D(1, 0, 0, 0, 0, 1, 0, -1, 0, 0, 0, 0)
shape = SubResource("CapsuleShape3D_3q7gx")

[node name="Physical Bone mixamorig6_RightFoot" type="PhysicalBone3D" parent="MixamoRacer/Skeleton3D/PhysicalBoneSimulator3D"]
transform = Transform3D(-0.98536646, -0.034019295, 0.16702022, 0.074151054, 0.7967434, 0.59975135, -0.15347537, 0.6033596, -0.78256154, -0.16611679, -0.077690095, 0.014368016)
collision_layer = 4
collision_mask = 4
joint_type = 1
joint_offset = Transform3D(1, 0, 0, 0, 1, 0, 0, 0, 1, 5.0736995e-05, -1.683895e-05, 0.098003566)
body_offset = Transform3D(1.0000002, 2.4661422e-06, -7.4505806e-07, -7.227063e-07, 5.066395e-06, -1.0000001, -2.413988e-06, 1.0000001, 5.2154064e-06, -5.0663948e-05, 0.09800358, 1.6327947e-05)
bone_name = "mixamorig6_RightFoot"
joint_constraints/bias = 0.3
joint_constraints/damping = 1.0
joint_constraints/impulse_clamp = 0.0

[node name="CollisionShape3D" type="CollisionShape3D" parent="MixamoRacer/Skeleton3D/PhysicalBoneSimulator3D/Physical Bone mixamorig6_RightFoot"]
transform = Transform3D(1, 0, 0, 0, 0, 1, 0, -1, 0, 0, 0, 0)
shape = SubResource("CapsuleShape3D_8nl3w")

[node name="Physical Bone mixamorig6_Hips" type="PhysicalBone3D" parent="MixamoRacer/Skeleton3D/PhysicalBoneSimulator3D"]
transform = Transform3D(1, 0, 0, 0, 0.09581822, -0.9953989, 0, 0.9953989, 0.09581822, 0, 0.88370293, -0.004926948)
collision_layer = 4
collision_mask = 4
joint_offset = Transform3D(1, 0, 0, 0, 1, 0, 0, 0, 1, 0, -6.9849193e-09, 0.051419813)
body_offset = Transform3D(1, 0, 0, 0, 0.09581822, -0.9953989, 0, 0.9953989, 0.09581822, 0, 0.051183224, -0.004926948)
bone_name = "mixamorig6_Hips"

[node name="CollisionShape3D" type="CollisionShape3D" parent="MixamoRacer/Skeleton3D/PhysicalBoneSimulator3D/Physical Bone mixamorig6_Hips"]
transform = Transform3D(1, 0, 0, 0, 0, 1, 0, -1, 0, 0, 0, 0)
shape = SubResource("CapsuleShape3D_b7r8g")

[node name="Physical Bone mixamorig6_Spine" type="PhysicalBone3D" parent="MixamoRacer/Skeleton3D/PhysicalBoneSimulator3D"]
transform = Transform3D(1, 4.619364e-07, 4.0372828e-07, 3.576094e-07, 0.0958169, -0.995399, -4.98495e-07, 0.995399, 0.0958169, 1.4901161e-08, 0.9946043, -0.0156015)
collision_layer = 4
collision_mask = 4
joint_type = 1
joint_offset = Transform3D(1, 0, 0, 0, 1, 0, 0, 0, 1, -3.912212e-08, -8.1152217e-07, 0.059994154)
body_offset = Transform3D(1, 4.619364e-07, 4.0372825e-07, 4.0372873e-07, -8.7171793e-07, -1.0000001, -4.619361e-07, 1.0000002, -8.791685e-07, 1.4901161e-08, 0.05999416, 8.6426735e-07)
bone_name = "mixamorig6_Spine"
joint_constraints/bias = 0.3
joint_constraints/damping = 1.0
joint_constraints/impulse_clamp = 0.0

[node name="CollisionShape3D" type="CollisionShape3D" parent="MixamoRacer/Skeleton3D/PhysicalBoneSimulator3D/Physical Bone mixamorig6_Spine"]
transform = Transform3D(1, 0, 0, 0, 0, 1, 0, -1, 0, 0, 0, 0)
shape = SubResource("CapsuleShape3D_034on")

[node name="Physical Bone mixamorig6_Spine2" type="PhysicalBone3D" parent="MixamoRacer/Skeleton3D/PhysicalBoneSimulator3D"]
transform = Transform3D(1, 2.384186e-07, 9.4063545e-08, 7.0786044e-08, 0.09581764, -0.99539894, -2.4633457e-07, 0.99539894, 0.09581764, 0, 1.1225579, -0.027919244)
collision_layer = 4
collision_mask = 4
joint_type = 1
joint_offset = Transform3D(1, 0, 0, 0, 1, 0, 0, 0, 1, -6.4489716e-09, -7.239011e-09, 0.06855975)
body_offset = Transform3D(1, 2.3841858e-07, 9.4063545e-08, 9.406359e-08, -1.1175871e-07, -1.0000002, -2.384186e-07, 1.0000002, -1.1175871e-07, 0, 0.068559766, 1.4901161e-08)
bone_name = "mixamorig6_Spine1"
joint_constraints/bias = 0.3
joint_constraints/damping = 1.0
joint_constraints/impulse_clamp = 0.0

[node name="CollisionShape3D" type="CollisionShape3D" parent="MixamoRacer/Skeleton3D/PhysicalBoneSimulator3D/Physical Bone mixamorig6_Spine2"]
transform = Transform3D(1, 0, 0, 0, 0, 1, 0, -1, 0, 0, 0, 0)
shape = SubResource("CapsuleShape3D_62hqg")

[node name="Targets" type="Node3D" parent="."]

[node name="HeadTarget" type="Marker3D" parent="Targets"]
unique_name_in_owner = true
transform = Transform3D(1, 0, 0, 0, 0.9999999, 0, 0, 0, 0.9999999, 0, 1.76, 0.15)

[node name="LeftArmTarget" type="Marker3D" parent="Targets"]
unique_name_in_owner = true
transform = Transform3D(1.9106855e-15, -4.371139e-08, -1, -1, -4.371139e-08, 0, -4.371139e-08, 1, -4.371139e-08, 0.25, 0.15, 0.25)

[node name="RightArmTarget" type="Marker3D" parent="Targets"]
unique_name_in_owner = true
transform = Transform3D(8.742278e-08, 4.3711395e-08, 1, 1, 7.54979e-08, -8.742278e-08, -7.549791e-08, 1, -4.371139e-08, -0.25, 0.15, 0.25)

[node name="ButtTarget" type="Marker3D" parent="Targets"]
unique_name_in_owner = true
transform = Transform3D(1, 0, 0, 0, 1, 0, 0, 0, 1, 0, 0.8325197, 0)

[node name="LeftLegTarget" type="Marker3D" parent="Targets"]
unique_name_in_owner = true
transform = Transform3D(-0.9982336, 0.03612911, -0.047162842, -0.059410855, -0.60704976, 0.7924393, -6.939984e-08, 0.7938415, 0.60812396, 0.2, 0.04, 0)

[node name="RightLegTarget" type="Marker3D" parent="Targets"]
unique_name_in_owner = true
transform = Transform3D(-0.9982256, 0.036801673, -0.046809737, -0.05953972, -0.60723305, 0.7922895, 0.0007331595, 0.7936708, 0.60834676, -0.2, 0, 0)

[editable path="MixamoRacer"]
